-82,123,1069,...
-82,123,1069,...
-82,123,1069,...
197,-205,1053,...
197,-205,1053,...
197,-205,1053,...
197,-205,1053,...
197,-205,1053,...
197,-205,1053,...
197,-205,1053,...
197,-205,1053,...
197,-205,1053,...
193,-241,1069,...
193,-241,1069,...
193,-241,1069,...
193,-241,1069,...
193,-241,1069,...
193,-241,1069,...
193,-241,1069,...
193,-241,1069,...
193,-241,1069,...
-69,150,1067,...
-69,150,1067,...
-69,150,1067,...
-69,150,1067,...
-69,150,1067,...
-69,150,1067,...
-69,150,1067,...
-69,150,1067,...
-69,150,1067,...
-44,39,1068,...
-44,39,1068,...
-44,39,1068,...
-44,39,1068,...
-44,39,1068,...
-44,39,1068,...
-44,39,1068,...
-44,39,1068,...
-44,39,1068,...
-44,39,1068,...
-44,-8,1069,...
12,-9,1069,...
12,-9,1069,...
12,-9,1069,...
12,-9,1069,...
12,-9,1069,...
12,-9,1069,...
12,-9,1069,...
12,-9,1069,...
12,-9,1069,...
12,-9,1069,...
8,-10,1063,...
8,-10,1063,...
8,-10,1063,...
8,-10,1063,...
8,-10,1063,...
8,-10,1063,...
8,-10,1063,...
8,-10,1063,...
8,-10,1063,...
8,-10,1063,...
8,-10,1063,...
0,-11,1061,...
0,-11,1061,...
0,-11,1061,...
0,-11,1061,...
0,-11,1061,...
0,-11,1061,...
0,-11,1061,...
0,-11,1061,...
0,-11,1061,...
0,-11,1061,...
-2,-12,1064,...
-2,-12,1064,...
-2,-12,1064,...
-2,-12,1064,...
-2,-12,1064,...
-2,-12,1064,...
-2,-12,1064,...
-2,-12,1064,...
-2,-12,1064,...
-2,-12,1064,...
2,-11,1064,...
2,-11,1064,...
2,-11,1064,...
2,-11,1064,...
2,-11,1064,...
2,-11,1064,...
2,-11,1064,...
2,-11,1064,...
2,-11,1064,...
2,-11,1064,...
2,-11,1064,...
1,-15,1062,...
1,-15,1062,...
1,-15,1062,...
1,-15,1062,...
1,-15,1062,...
1,-15,1062,...
1,-15,1062,...
1,-15,1062,...
1,-15,1062,...
1,-15,1062,...
3,-13,1066,...
3,-13,1066,...
3,-13,1066,...
3,-13,1066,...
3,-13,1066,...
3,-13,1066,...
3,-13,1066,...
3,-13,1066,...
3,-13,1066,...
3,-13,1066,...
3,-13,1066,...
10,-12,1062,...
10,-12,1062,...
10,-12,1062,...
10,-12,1062,...
10,-12,1062,...
10,-12,1062,...
10,-12,1062,...
10,-12,1062,...
10,-12,1062,...
10,-12,1062,...
12,-10,1067,...
12,-10,1067,...
12,-10,1067,...
12,-10,1067,...
12,-10,1067,...
12,-10,1067,...
12,-10,1067,...
12,-10,1067,...
12,-10,1067,...
12,-10,1067,...
9,-10,1064,...
9,-10,1064,...
9,-10,1064,...
9,-10,1064,...
9,-10,1064,...
9,-10,1064,...
9,-10,1064,...
9,-10,1064,...
9,-10,1064,...
9,-10,1064,...
3,-12,1062,...
3,-12,1062,...
3,-12,1062,...
3,-12,1062,...
3,-12,1062,...
3,-12,1062,...
3,-12,1062,...
3,-12,1062,...
3,-12,1062,...
3,-12,1062,...
3,-12,1062,...
3,-12,1063,...
3,-12,1063,...
3,-12,1063,...
3,-12,1063,...
3,-12,1063,...
3,-12,1063,...
3,-12,1063,...
3,-12,1063,...
3,-12,1063,...
3,-12,1063,...
3,-12,1079,...
0,-9,1073,...
0,-9,1073,...
0,-9,1073,...
0,-9,1073,...
0,-9,1073,...
0,-9,1073,...
0,-9,1073,...
0,-9,1073,...
0,-9,1073,...
0,-9,1073,...
0,-9,1073,...
1,-9,1061,...
1,-9,1061,...
1,-9,1061,...
1,-9,1061,...
1,-9,1061,...
1,-9,1061,...
1,-9,1061,...
1,-9,1061,...
1,-9,1061,...
1,-9,1061,...
1,-9,1061,...
5,-10,1065,...
5,-10,1065,...
5,-10,1065,...
5,-10,1065,...
5,-10,1065,...
5,-10,1065,...
5,-10,1065,...
5,-10,1065,...
5,-10,1065,...
5,-10,1065,...
8,-11,1069,...
8,-11,1069,...
8,-11,1069,...
8,-11,1069,...
8,-11,1069,...
8,-11,1069,...
8,-11,1069,...
8,-11,1069,...
8,-11,1069,...
8,-11,1069,...
8,-11,1069,...
11,-14,1059,...
11,-14,1059,...
11,-14,1059,...
11,-14,1059,...
11,-14,1059,...
11,-14,1059,...
11,-14,1059,...
11,-14,1059,...
11,-14,1059,...
11,-14,1059,...
6,-14,1067,...
6,-14,1067,...
6,-14,1067,...
6,-14,1067,...
6,-14,1067,...
6,-14,1067,...
6,-14,1067,...
6,-14,1067,...
6,-14,1067,...
6,-14,1067,...
6,-14,1059,...
4,-13,1059,...
4,-13,1059,...
4,-13,1059,...
4,-13,1059,...
4,-13,1059,...
4,-13,1059,...
4,-13,1059,...
4,-13,1059,...
4,-13,1059,...
4,-13,1059,...
7,-13,1061,...
7,-13,1061,...
7,-13,1061,...
7,-13,1061,...
7,-13,1061,...
7,-13,1061,...
7,-13,1061,...
7,-13,1061,...
7,-13,1061,...
7,-13,1061,...
7,-13,1061,...
6,-12,1074,...
6,-12,1074,...
6,-12,1074,...
6,-12,1074,...
6,-12,1074,...
6,-12,1074,...
6,-12,1074,...
6,-12,1074,...
6,-12,1074,...
6,-12,1074,...
3,-11,1067,...
3,-11,1067,...
3,-11,1067,...
3,-11,1067,...
3,-11,1067,...
3,-11,1067,...
3,-11,1067,...
3,-11,1067,...
3,-11,1067,...
3,-11,1067,...
3,-11,1067,...
0,-10,1060,...
0,-10,1060,...
0,-10,1060,...
0,-10,1060,...
0,-10,1060,...
0,-10,1060,...
0,-10,1060,...
0,-10,1060,...
0,-10,1060,...
0,-10,1060,...
-3,-10,1062,...
-3,-10,1062,...
-3,-10,1062,...
-3,-10,1062,...
-3,-10,1062,...
-3,-10,1062,...
-3,-10,1062,...
-3,-10,1062,...
-3,-10,1062,...
-3,-10,1062,...
1,-13,1066,...
1,-13,1066,...
1,-13,1066,...
1,-13,1066,...
1,-13,1066,...
1,-13,1066,...
1,-13,1066,...
1,-13,1066,...
1,-13,1066,...
1,-13,1066,...
1,-13,1066,...
6,-12,1068,...
6,-12,1068,...
6,-12,1068,...
6,-12,1068,...
6,-12,1068,...
6,-12,1068,...
6,-12,1068,...
6,-12,1068,...
6,-12,1068,...
6,-12,1068,...
11,-10,1066,...
11,-10,1066,...
11,-10,1066,...
11,-10,1066,...
11,-10,1066,...
11,-10,1066,...
11,-10,1066,...
11,-10,1066,...
11,-10,1066,...
11,-10,1066,...
27,-9,1069,...
16,-9,1069,...
16,-9,1069,...
16,-9,1069,...
16,-9,1069,...
16,-9,1069,...
16,-9,1069,...
16,-9,1069,...
16,-9,1069,...
16,-9,1069,...
16,-9,1069,...
11,-10,1066,...
11,-10,1066,...
11,-10,1066,...
11,-10,1066,...
11,-10,1066,...
11,-10,1066,...
11,-10,1066,...
11,-10,1066,...
11,-10,1066,...
11,-10,1066,...
3,-13,1062,...
3,-13,1062,...
3,-13,1062,...
3,-13,1062,...
3,-13,1062,...
3,-13,1062,...
3,-13,1062,...
3,-13,1062,...
3,-13,1062,...
3,-13,1062,...
3,-13,1062,...
-1,-14,1066,...
-1,-14,1066,...
-1,-14,1066,...
-1,-14,1066,...
-1,-14,1066,...
-1,-14,1066,...
-1,-14,1066,...
-1,-14,1066,...
-1,-14,1066,...
-1,-14,1066,...
0,-10,1066,...
0,-10,1066,...
0,-10,1066,...
0,-10,1066,...
0,-10,1066,...
0,-10,1066,...
0,-10,1066,...
0,-10,1066,...
0,-10,1066,...
0,-10,1066,...
7,-6,1066,...
7,-6,1066,...
7,-6,1066,...
7,-6,1066,...
7,-6,1066,...
7,-6,1066,...
7,-6,1066,...
7,-6,1066,...
7,-6,1066,...
7,-6,1066,...
7,-6,1066,...
11,-7,1069,...
11,-7,1069,...
11,-7,1069,...
11,-7,1069,...
11,-7,1069,...
11,-7,1069,...
11,-7,1069,...
11,-7,1069,...
11,-7,1069,...
11,-7,1069,...
11,-7,1069,...
9,-10,1067,...
9,-10,1067,...
9,-10,1067,...
9,-10,1067,...
9,-10,1067,...
9,-10,1067,...
9,-10,1067,...
9,-10,1067,...
9,-10,1067,...
9,-10,1067,...
3,-14,1061,...
3,-14,1061,...
3,-14,1061,...
3,-14,1061,...
3,-14,1061,...
3,-14,1061,...
3,-14,1061,...
3,-14,1061,...
3,-14,1061,...
3,-14,1061,...
3,-14,1061,...
0,-15,1062,...
0,-15,1062,...
0,-15,1062,...
0,-15,1062,...
0,-15,1062,...
0,-15,1062,...
0,-15,1062,...
0,-15,1062,...
0,-15,1062,...
0,-15,1062,...
0,-15,1062,...
0,-14,1065,...
0,-14,1065,...
0,-14,1065,...
0,-14,1065,...
0,-14,1065,...
0,-14,1065,...
0,-14,1065,...
0,-14,1065,...
0,-14,1065,...
0,-14,1065,...
5,-11,1066,...
5,-11,1066,...
5,-11,1066,...
5,-11,1066,...
5,-11,1066,...
5,-11,1066,...
5,-11,1066,...
5,-11,1066,...
5,-11,1066,...
5,-11,1066,...
5,-11,1066,...
10,-9,1066,...
10,-9,1066,...
10,-9,1066,...
10,-9,1066,...
10,-9,1066,...
10,-9,1066,...
10,-9,1066,...
10,-9,1066,...
10,-9,1066,...
10,-9,1066,...
12,-8,1068,...
12,-8,1068,...
12,-8,1068,...
12,-8,1068,...
12,-8,1068,...
12,-8,1068,...
12,-8,1068,...
12,-8,1068,...
12,-8,1068,...
12,-8,1068,...
12,-8,1068,...
8,-8,1068,...
8,-8,1068,...
8,-8,1068,...
8,-8,1068,...
8,-8,1068,...
8,-8,1068,...
8,-8,1068,...
8,-8,1068,...
8,-8,1068,...
8,-8,1068,...
8,-8,1068,...
2,-9,1067,...
2,-9,1067,...
2,-9,1067,...
2,-9,1067,...
2,-9,1067,...
2,-9,1067,...
2,-9,1067,...
2,-9,1067,...
2,-9,1067,...
2,-9,1067,...
2,-9,1067,...
0,-9,1066,...
0,-9,1066,...
0,-9,1066,...
0,-9,1066,...
0,-9,1066,...
0,-9,1066,...
0,-9,1066,...
0,-9,1066,...
0,-9,1066,...
0,-9,1066,...
0,-9,1066,...
3,-10,1067,...
3,-10,1067,...
3,-10,1067,...
3,-10,1067,...
3,-10,1067,...
3,-10,1067,...
3,-10,1067,...
3,-10,1067,...
3,-10,1067,...
3,-10,1067,...
3,-10,1067,...
9,-11,1065,...
9,-11,1065,...
9,-11,1065,...
9,-11,1065,...
9,-11,1065,...
9,-11,1065,...
9,-11,1065,...
9,-11,1065,...
9,-11,1065,...
9,-11,1065,...
12,-13,1064,...
12,-13,1064,...
12,-13,1064,...
12,-13,1064,...
12,-13,1064,...
12,-13,1064,...
12,-13,1064,...
12,-13,1064,...
12,-13,1064,...
12,-13,1064,...
8,-15,1064,...
8,-15,1064,...
8,-15,1064,...
8,-15,1064,...
8,-15,1064,...
8,-15,1064,...
8,-15,1064,...
8,-15,1064,...
8,-15,1064,...
8,-15,1064,...
8,-15,1064,...
2,-14,1064,...
2,-14,1064,...
2,-14,1064,...
2,-14,1064,...
2,-14,1064,...
2,-14,1064,...
2,-14,1064,...
2,-14,1064,...
2,-14,1064,...
2,-14,1064,...
0,-10,1066,...
0,-10,1066,...
0,-10,1066,...
0,-10,1066,...
0,-10,1066,...
0,-10,1066,...
0,-10,1066,...
0,-10,1066,...
0,-10,1066,...
0,-10,1066,...
0,-10,1066,...
2,-7,1066,...
2,-7,1066,...
2,-7,1066,...
2,-7,1066,...
2,-7,1066,...
2,-7,1066,...
2,-7,1066,...
2,-7,1066,...
2,-7,1066,...
2,-7,1066,...
2,-7,1066,...
5,-7,1068,...
5,-7,1068,...
5,-7,1068,...
5,-7,1068,...
5,-7,1068,...
5,-7,1068,...
5,-7,1068,...
5,-7,1068,...
5,-7,1068,...
5,-7,1068,...
5,-7,1068,...
10,-8,1067,...
10,-8,1067,...
10,-8,1067,...
10,-8,1067,...
10,-8,1067,...
10,-8,1067,...
10,-8,1067,...
10,-8,1067,...
10,-8,1067,...
10,-8,1067,...
10,-8,1067,...
9,-10,1066,...
9,-10,1066,...
9,-10,1066,...
9,-10,1066,...
9,-10,1066,...
9,-10,1066,...
9,-10,1066,...
9,-10,1066,...
9,-10,1066,...
9,-10,1066,...
7,-11,1066,...
7,-11,1066,...
7,-11,1066,...
7,-11,1066,...
7,-11,1066,...
7,-11,1066,...
7,-11,1066,...
7,-11,1066,...
7,-11,1066,...
7,-11,1066,...
7,-11,1066,...
3,-12,1067,...
3,-12,1067,...
3,-12,1067,...
3,-12,1067,...
3,-12,1067,...
3,-12,1067,...
3,-12,1067,...
3,-12,1067,...
3,-12,1067,...
3,-12,1067,...
3,-11,1062,...
3,-11,1062,...
3,-11,1062,...
3,-11,1062,...
3,-11,1062,...
3,-11,1062,...
3,-11,1062,...
3,-11,1062,...
3,-11,1062,...
3,-11,1062,...
3,-11,1062,...
6,-11,1065,...
6,-11,1065,...
6,-11,1065,...
6,-11,1065,...
6,-11,1065,...
6,-11,1065,...
6,-11,1065,...
6,-11,1065,...
6,-11,1065,...
6,-11,1065,...
6,-11,1065,...
8,-11,1066,...
8,-11,1066,...
8,-11,1066,...
8,-11,1066,...
8,-11,1066,...
8,-11,1066,...
8,-11,1066,...
8,-11,1066,...
8,-11,1066,...
8,-11,1066,...
8,-10,1065,...
8,-10,1065,...
8,-10,1065,...
8,-10,1065,...
8,-10,1065,...
8,-10,1065,...
8,-10,1065,...
8,-10,1065,...
8,-10,1065,...
8,-10,1065,...
8,-10,1065,...
4,-10,1066,...
4,-10,1066,...
4,-10,1066,...
4,-10,1066,...
4,-10,1066,...
4,-10,1066,...
4,-10,1066,...
4,-10,1066,...
4,-10,1066,...
4,-10,1066,...
2,-9,1066,...
2,-9,1066,...
2,-9,1066,...
2,-9,1066,...
2,-9,1066,...
2,-9,1066,...
2,-9,1066,...
2,-9,1066,...
2,-9,1066,...
2,-9,1066,...
2,-9,1066,...
3,-9,1066,...
3,-9,1066,...
3,-9,1066,...
3,-9,1066,...
3,-9,1066,...
3,-9,1066,...
3,-9,1066,...
3,-9,1066,...
3,-9,1066,...
3,-9,1066,...
3,-9,1066,...
3,-9,1066,...
5,-10,1066,...
5,-10,1066,...
5,-10,1066,...
5,-10,1066,...
5,-10,1066,...
5,-10,1066,...
5,-10,1066,...
5,-10,1066,...
5,-10,1066,...
5,-10,1066,...
8,-11,1064,...
8,-11,1064,...
8,-11,1064,...
8,-11,1064,...
8,-11,1064,...
8,-11,1064,...
8,-11,1064,...
8,-11,1064,...
8,-11,1064,...
8,-11,1064,...
8,-11,1064,...
9,-11,1066,...
9,-11,1066,...
9,-11,1066,...
9,-11,1066,...
9,-11,1066,...
9,-11,1066,...
9,-11,1066,...
9,-11,1066,...
9,-11,1066,...
9,-11,1066,...
9,-11,1067,...
9,-11,1067,...
9,-11,1067,...
9,-11,1067,...
9,-11,1067,...
9,-11,1067,...
9,-11,1067,...
9,-11,1067,...
9,-11,1067,...
9,-11,1067,...
9,-11,1067,...
6,-10,1066,...
6,-10,1066,...
6,-10,1066,...
6,-10,1066,...
6,-10,1066,...
6,-10,1066,...
6,-10,1066,...
6,-10,1066,...
6,-10,1066,...
6,-10,1066,...
3,-11,1064,...
3,-11,1064,...
3,-11,1064,...
3,-11,1064,...
3,-11,1064,...
3,-11,1064,...
3,-11,1064,...
3,-11,1064,...
3,-11,1064,...
3,-11,1064,...
3,-11,1064,...
1,-11,1067,...
1,-11,1067,...
1,-11,1067,...
1,-11,1067,...
1,-11,1067,...
1,-11,1067,...
1,-11,1067,...
1,-11,1067,...
1,-11,1067,...
1,-11,1067,...
2,-10,1066,...
2,-10,1066,...
2,-10,1066,...
2,-10,1066,...
2,-10,1066,...
2,-10,1066,...
2,-10,1066,...
2,-10,1066,...
2,-10,1066,...
2,-10,1066,...
2,-10,1066,...
6,-11,1064,...
6,-11,1064,...
6,-11,1064,...
6,-11,1064,...
6,-11,1064,...
6,-11,1064,...
6,-11,1064,...
6,-11,1064,...
6,-11,1064,...
6,-11,1064,...
6,-11,1068,...
7,-9,1068,...
7,-9,1068,...
7,-9,1068,...
7,-9,1068,...
7,-9,1068,...
7,-9,1068,...
7,-9,1068,...
7,-9,1068,...
7,-9,1068,...
7,-9,1068,...
7,-9,1068,...
7,-10,1069,...
7,-10,1069,...
7,-10,1069,...
7,-10,1069,...
7,-10,1069,...
7,-10,1069,...
7,-10,1069,...
7,-10,1069,...
7,-10,1069,...
7,-10,1069,...
7,-9,1065,...
7,-9,1065,...
7,-9,1065,...
7,-9,1065,...
7,-9,1065,...
7,-9,1065,...
7,-9,1065,...
7,-9,1065,...
7,-9,1065,...
7,-9,1065,...
7,-9,1065,...
6,-11,1065,...
6,-11,1065,...
6,-11,1065,...
6,-11,1065,...
6,-11,1065,...
6,-11,1065,...
6,-11,1065,...
6,-11,1065,...
6,-11,1065,...
6,-11,1065,...
6,-11,1065,...
6,-12,1068,...
6,-12,1068,...
6,-12,1068,...
6,-12,1068,...
6,-12,1068,...
6,-12,1068,...
6,-12,1068,...
6,-12,1068,...
6,-12,1068,...
6,-12,1068,...
6,-12,1068,...
6,-12,1068,...
6,-12,1068,...
6,-12,1068,...
6,-12,1068,...
6,-12,1068,...
6,-12,1068,...
6,-12,1068,...
6,-12,1068,...
6,-12,1068,...
6,-12,1068,...
6,-10,1068,...
6,-10,1068,...
6,-10,1068,...
6,-10,1068,...
6,-10,1068,...
6,-10,1068,...
6,-10,1068,...
6,-10,1068,...
6,-10,1068,...
6,-10,1068,...
6,-10,1068,...
6,-8,1069,...
6,-8,1069,...
6,-8,1069,...
6,-8,1069,...
6,-8,1069,...
6,-8,1069,...
6,-8,1069,...
6,-8,1069,...
6,-8,1069,...
6,-8,1069,...
6,-8,1069,...
5,-8,1067,...
5,-8,1067,...
5,-8,1067,...
5,-8,1067,...
5,-8,1067,...
5,-8,1067,...
5,-8,1067,...
5,-8,1067,...
5,-8,1067,...
5,-8,1067,...
5,-8,1067,...
3,-10,1067,...
3,-10,1067,...
3,-10,1067,...
3,-10,1067,...
3,-10,1067,...
3,-10,1067,...
3,-10,1067,...
3,-10,1067,...
3,-10,1067,...
3,-10,1067,...
4,-11,1069,...
4,-11,1069,...
4,-11,1069,...
4,-11,1069,...
4,-11,1069,...
4,-11,1069,...
4,-11,1069,...
4,-11,1069,...
4,-11,1069,...
4,-11,1069,...
4,-11,1069,...
11,-11,1070,...
11,-11,1070,...
11,-11,1070,...
11,-11,1070,...
11,-11,1070,...
11,-11,1070,...
11,-11,1070,...
11,-11,1070,...
11,-11,1070,...
11,-11,1070,...
11,-13,1048,...
11,-13,1048,...
11,-13,1048,...
11,-13,1048,...
11,-13,1048,...
11,-13,1048,...
11,-13,1048,...
11,-13,1048,...
11,-13,1048,...
11,-13,1048,...
5,-14,1066,...
5,-14,1066,...
5,-14,1066,...
5,-14,1066,...
5,-14,1066,...
5,-14,1066,...
5,-14,1066,...
5,-14,1066,...
5,-14,1066,...
5,-14,1066,...
5,-14,1066,...
-2,-14,1065,...
-2,-14,1065,...
-2,-14,1065,...
-2,-14,1065,...
-2,-14,1065,...
-2,-14,1065,...
-2,-14,1065,...
-2,-14,1065,...
-2,-14,1065,...
-2,-14,1065,...
-1,-10,1062,...
-1,-10,1062,...
-1,-10,1062,...
-1,-10,1062,...
-1,-10,1062,...
-1,-10,1062,...
-1,-10,1062,...
-1,-10,1062,...
-1,-10,1062,...
-1,-10,1062,...
3,-8,1067,...
3,-8,1067,...
3,-8,1067,...
3,-8,1067,...
3,-8,1067,...
3,-8,1067,...
3,-8,1067,...
3,-8,1067,...
3,-8,1067,...
3,-8,1067,...
3,-8,1067,...
8,-11,1064,...
8,-11,1064,...
8,-11,1064,...
8,-11,1064,...
8,-11,1064,...
8,-11,1064,...
8,-11,1064,...
8,-11,1064,...
8,-11,1064,...
8,-11,1064,...
9,-12,1063,...
9,-12,1063,...
9,-12,1063,...
9,-12,1063,...
9,-12,1063,...
9,-12,1063,...
9,-12,1063,...
9,-12,1063,...
9,-12,1063,...
9,-12,1063,...
9,-12,1063,...
6,-13,1066,...
6,-13,1066,...
6,-13,1066,...
6,-13,1066,...
6,-13,1066,...
6,-13,1066,...
6,-13,1066,...
6,-13,1066,...
6,-13,1066,...
6,-13,1066,...
2,-11,1067,...
2,-11,1067,...
2,-11,1067,...
2,-11,1067,...
2,-11,1067,...
2,-11,1067,...
2,-11,1067,...
2,-11,1067,...
2,-11,1067,...
2,-11,1067,...
2,-11,1067,...
1,-9,1067,...
1,-9,1067,...
1,-9,1067,...
1,-9,1067,...
1,-9,1067,...
1,-9,1067,...
1,-9,1067,...
1,-9,1067,...
1,-9,1067,...
1,-9,1067,...
1,-9,1067,...
5,-10,1064,...
5,-10,1064,...
5,-10,1064,...
5,-10,1064,...
5,-10,1064,...
5,-10,1064,...
5,-10,1064,...
5,-10,1064,...
5,-10,1064,...
5,-10,1064,...
5,-10,1064,...
11,-12,1065,...
11,-12,1065,...
11,-12,1065,...
11,-12,1065,...
11,-12,1065,...
11,-12,1065,...
11,-12,1065,...
11,-12,1065,...
11,-12,1065,...
11,-12,1065,...
10,-13,1066,...
10,-13,1066,...
10,-13,1066,...
10,-13,1066,...
10,-13,1066,...
10,-13,1066,...
10,-13,1066,...
10,-13,1066,...
10,-13,1066,...
10,-13,1066,...
4,-12,1064,...
4,-12,1064,...
4,-12,1064,...
4,-12,1064,...
4,-12,1064,...
4,-12,1064,...
4,-12,1064,...
4,-12,1064,...
4,-12,1064,...
4,-12,1064,...
-1,-10,1065,...
-1,-10,1065,...
-1,-10,1065,...
-1,-10,1065,...
-1,-10,1065,...
-1,-10,1065,...
-1,-10,1065,...
-1,-10,1065,...
-1,-10,1065,...
-1,-10,1065,...
0,-9,1066,...
0,-9,1066,...
0,-9,1066,...
0,-9,1066,...
0,-9,1066,...
0,-9,1066,...
0,-9,1066,...
0,-9,1066,...
0,-9,1066,...
0,-9,1066,...
0,-9,1066,...
15,-10,1066,...
5,-10,1066,...
5,-10,1066,...
5,-10,1066,...
5,-10,1066,...
5,-10,1066,...
5,-10,1066,...
5,-10,1066,...
5,-10,1066,...
5,-10,1066,...
5,-10,1066,...
7,-13,1066,...
7,-13,1066,...
7,-13,1066,...
7,-13,1066,...
7,-13,1066,...
7,-13,1066,...
7,-13,1066,...
7,-13,1066,...
7,-13,1066,...
7,-13,1066,...
7,-13,1059,...
7,-16,1059,...
7,-16,1059,...
7,-16,1059,...
7,-16,1059,...
7,-16,1059,...
7,-16,1059,...
7,-16,1059,...
7,-16,1059,...
7,-16,1059,...
7,-16,1059,...
6,-16,1069,...
6,-16,1069,...
6,-16,1069,...
6,-16,1069,...
6,-16,1069,...
6,-16,1069,...
6,-16,1069,...
6,-16,1069,...
6,-16,1069,...
6,-16,1069,...
6,-16,1069,...
3,-9,1070,...
3,-9,1070,...
3,-9,1070,...
3,-9,1070,...
3,-9,1070,...
3,-9,1070,...
3,-9,1070,...
3,-9,1070,...
3,-9,1070,...
3,-9,1070,...
3,-9,1070,...
5,-5,1061,...
5,-5,1061,...
5,-5,1061,...
5,-5,1061,...
5,-5,1061,...
5,-5,1061,...
5,-5,1061,...
5,-5,1061,...
5,-5,1061,...
5,-5,1061,...
5,-5,1061,...
4,-9,1068,...
4,-9,1068,...
4,-9,1068,...
4,-9,1068,...
4,-9,1068,...
4,-9,1068,...
4,-9,1068,...
4,-9,1068,...
4,-9,1068,...
4,-9,1068,...
4,-9,1068,...
4,-14,1064,...
4,-14,1064,...
4,-14,1064,...
4,-14,1064,...
4,-14,1064,...
4,-14,1064,...
4,-14,1064,...
4,-14,1064,...
4,-14,1064,...
4,-14,1064,...
4,-14,1064,...
7,-16,1062,...
7,-16,1062,...
7,-16,1062,...
7,-16,1062,...
7,-16,1062,...
7,-16,1062,...
7,-16,1062,...
7,-16,1062,...
7,-16,1062,...
7,-16,1062,...
5,-10,1071,...
5,-10,1071,...
5,-10,1071,...
5,-10,1071,...
5,-10,1071,...
5,-10,1071,...
5,-10,1071,...
5,-10,1071,...
5,-10,1071,...
5,-10,1071,...
5,-10,1071,...
4,-6,1065,...
4,-6,1065,...
4,-6,1065,...
4,-6,1065,...
4,-6,1065,...
4,-6,1065,...
4,-6,1065,...
4,-6,1065,...
4,-6,1065,...
4,-6,1065,...
4,-6,1065,...
4,-7,1067,...
4,-7,1067,...
4,-7,1067,...
4,-7,1067,...
4,-7,1067,...
4,-7,1067,...
4,-7,1067,...
4,-7,1067,...
4,-7,1067,...
4,-7,1067,...
4,-7,1067,...
6,-12,1067,...
6,-12,1067,...
6,-12,1067,...
6,-12,1067,...
6,-12,1067,...
6,-12,1067,...
6,-12,1067,...
6,-12,1067,...
6,-12,1067,...
6,-12,1067,...
6,-28,1064,...
9,-16,1064,...
9,-16,1064,...
9,-16,1064,...
9,-16,1064,...
9,-16,1064,...
9,-16,1064,...
9,-16,1064,...
9,-16,1064,...
9,-16,1064,...
9,-16,1064,...
8,-13,1062,...
8,-13,1062,...
8,-13,1062,...
8,-13,1062,...
8,-13,1062,...
8,-13,1062,...
8,-13,1062,...
8,-13,1062,...
8,-13,1062,...
8,-13,1062,...
8,-13,1062,...
2,-10,1065,...
2,-10,1065,...
2,-10,1065,...
2,-10,1065,...
2,-10,1065,...
2,-10,1065,...
2,-10,1065,...
2,-10,1065,...
2,-10,1065,...
2,-10,1065,...
0,-7,1068,...
0,-7,1068,...
0,-7,1068,...
0,-7,1068,...
0,-7,1068,...
0,-7,1068,...
0,-7,1068,...
0,-7,1068,...
0,-7,1068,...
0,-7,1068,...
0,-7,1068,...
2,-9,1064,...
2,-9,1064,...
2,-9,1064,...
2,-9,1064,...
2,-9,1064,...
2,-9,1064,...
2,-9,1064,...
2,-9,1064,...
2,-9,1064,...
2,-9,1064,...
2,-9,1064,...
8,-12,1067,...
8,-12,1067,...
8,-12,1067,...
8,-12,1067,...
8,-12,1067,...
8,-12,1067,...
8,-12,1067,...
8,-12,1067,...
8,-12,1067,...
8,-12,1067,...
8,-12,1067,...
11,-13,1064,...
11,-13,1064,...
11,-13,1064,...
11,-13,1064,...
11,-13,1064,...
11,-13,1064,...
11,-13,1064,...
11,-13,1064,...
11,-13,1064,...
11,-13,1064,...
10,-12,1067,...
10,-12,1067,...
10,-12,1067,...
10,-12,1067,...
10,-12,1067,...
10,-12,1067,...
10,-12,1067,...
10,-12,1067,...
10,-12,1067,...
10,-12,1067,...
8,-9,1065,...
8,-9,1065,...
8,-9,1065,...
8,-9,1065,...
8,-9,1065,...
8,-9,1065,...
8,-9,1065,...
8,-9,1065,...
8,-9,1065,...
8,-9,1065,...
8,-9,1065,...
4,-10,1065,...
4,-10,1065,...
4,-10,1065,...
4,-10,1065,...
4,-10,1065,...
4,-10,1065,...
4,-10,1065,...
4,-10,1065,...
4,-10,1065,...
4,-10,1065,...
4,-10,1065,...
2,-13,1064,...
2,-13,1064,...
2,-13,1064,...
2,-13,1064,...
2,-13,1064,...
2,-13,1064,...
2,-13,1064,...
2,-13,1064,...
2,-13,1064,...
2,-13,1064,...
3,-14,1064,...
3,-14,1064,...
3,-14,1064,...
3,-14,1064,...
3,-14,1064,...
3,-14,1064,...
3,-14,1064,...
3,-14,1064,...
3,-14,1064,...
3,-14,1064,...
3,-14,1064,...
7,-12,1066,...
7,-12,1066,...
7,-12,1066,...
7,-12,1066,...
7,-12,1066,...
7,-12,1066,...
7,-12,1066,...
7,-12,1066,...
7,-12,1066,...
7,-12,1066,...
8,-9,1066,...
8,-9,1066,...
8,-9,1066,...
8,-9,1066,...
8,-9,1066,...
8,-9,1066,...
8,-9,1066,...
8,-9,1066,...
8,-9,1066,...
8,-9,1066,...
8,-9,1066,...
8,-9,1066,...
6,-8,1066,...
6,-8,1066,...
6,-8,1066,...
6,-8,1066,...
6,-8,1066,...
6,-8,1066,...
6,-8,1066,...
6,-8,1066,...
6,-8,1066,...
6,-8,1066,...
6,-8,1066,...
4,-9,1066,...
4,-9,1066,...
4,-9,1066,...
4,-9,1066,...
4,-9,1066,...
4,-9,1066,...
4,-9,1066,...
4,-9,1066,...
4,-9,1066,...
4,-9,1066,...
4,-9,1066,...
4,-10,1065,...
4,-10,1065,...
4,-10,1065,...
4,-10,1065,...
4,-10,1065,...
4,-10,1065,...
4,-10,1065,...
4,-10,1065,...
4,-10,1065,...
4,-10,1065,...
7,-12,1066,...
7,-12,1066,...
7,-12,1066,...
7,-12,1066,...
7,-12,1066,...
7,-12,1066,...
7,-12,1066,...
7,-12,1066,...
7,-12,1066,...
7,-12,1066,...
7,-12,1066,...
7,-13,1064,...
7,-13,1064,...
7,-13,1064,...
7,-13,1064,...
7,-13,1064,...
7,-13,1064,...
7,-13,1064,...
7,-13,1064,...
7,-13,1064,...
7,-13,1064,...
7,-13,1064,...
6,-13,1064,...
6,-13,1064,...
6,-13,1064,...
6,-13,1064,...
6,-13,1064,...
6,-13,1064,...
6,-13,1064,...
6,-13,1064,...
6,-13,1064,...
6,-13,1064,...
5,-11,1064,...
5,-11,1064,...
5,-11,1064,...
5,-11,1064,...
5,-11,1064,...
5,-11,1064,...
5,-11,1064,...
5,-11,1064,...
5,-11,1064,...
5,-11,1064,...
5,-11,1064,...
4,-10,1066,...
4,-10,1066,...
4,-10,1066,...
4,-10,1066,...
4,-10,1066,...
4,-10,1066,...
4,-10,1066,...
4,-10,1066,...
4,-10,1066,...
4,-10,1066,...
4,-9,1065,...
4,-9,1065,...
4,-9,1065,...
4,-9,1065,...
4,-9,1065,...
4,-9,1065,...
4,-9,1065,...
4,-9,1065,...
4,-9,1065,...
4,-9,1065,...
4,-9,1065,...
5,-9,1066,...
5,-9,1066,...
5,-9,1066,...
5,-9,1066,...
5,-9,1066,...
5,-9,1066,...
5,-9,1066,...
5,-9,1066,...
5,-9,1066,...
5,-9,1066,...
5,-9,1066,...
7,-9,1066,...
7,-9,1066,...
7,-9,1066,...
7,-9,1066,...
7,-9,1066,...
7,-9,1066,...
7,-9,1066,...
7,-9,1066,...
7,-9,1066,...
7,-9,1066,...
7,-9,1066,...
7,-9,1066,...
7,-11,1065,...
7,-11,1065,...
7,-11,1065,...
7,-11,1065,...
7,-11,1065,...
7,-11,1065,...
7,-11,1065,...
7,-11,1065,...
7,-11,1065,...
7,-11,1065,...
6,-12,1066,...
6,-12,1066,...
6,-12,1066,...
6,-12,1066,...
6,-12,1066,...
6,-12,1066,...
6,-12,1066,...
6,-12,1066,...
6,-12,1066,...
6,-12,1066,...
6,-12,1066,...
4,-12,1065,...
4,-12,1065,...
4,-12,1065,...
4,-12,1065,...
4,-12,1065,...
4,-12,1065,...
4,-12,1065,...
4,-12,1065,...
4,-12,1065,...
4,-12,1065,...
4,-11,1065,...
4,-11,1065,...
4,-11,1065,...
4,-11,1065,...
4,-11,1065,...
4,-11,1065,...
4,-11,1065,...
4,-11,1065,...
4,-11,1065,...
4,-11,1065,...
4,-11,1065,...
5,-10,1065,...
5,-10,1065,...
5,-10,1065,...
5,-10,1065,...
5,-10,1065,...
5,-10,1065,...
5,-10,1065,...
5,-10,1065,...
5,-10,1065,...
5,-10,1065,...
7,-10,1066,...
7,-10,1066,...
7,-10,1066,...
7,-10,1066,...
7,-10,1066,...
7,-10,1066,...
7,-10,1066,...
7,-10,1066,...
7,-10,1066,...
7,-10,1066,...
7,-10,1066,...
7,-11,1064,...
7,-11,1064,...
7,-11,1064,...
7,-11,1064,...
7,-11,1064,...
7,-11,1064,...
7,-11,1064,...
7,-11,1064,...
7,-11,1064,...
7,-11,1064,...
7,-11,1064,...
6,-11,1064,...
6,-11,1064,...
6,-11,1064,...
6,-11,1064,...
6,-11,1064,...
6,-11,1064,...
6,-11,1064,...
6,-11,1064,...
6,-11,1064,...
6,-11,1064,...
3,-10,1065,...
3,-10,1065,...
3,-10,1065,...
3,-10,1065,...
3,-10,1065,...
3,-10,1065,...
3,-10,1065,...
3,-10,1065,...
3,-10,1065,...
3,-10,1065,...
3,-10,1065,...
4,-10,1065,...
4,-10,1065,...
4,-10,1065,...
4,-10,1065,...
4,-10,1065,...
4,-10,1065,...
4,-10,1065,...
4,-10,1065,...
4,-10,1065,...
4,-10,1065,...
4,-11,1066,...
4,-11,1066,...
4,-11,1066,...
4,-11,1066,...
4,-11,1066,...
4,-11,1066,...
4,-11,1066,...
4,-11,1066,...
4,-11,1066,...
4,-11,1066,...
4,-11,1066,...
6,-12,1064,...
6,-12,1064,...
6,-12,1064,...
6,-12,1064,...
6,-12,1064,...
6,-12,1064,...
6,-12,1064,...
6,-12,1064,...
6,-12,1064,...
6,-12,1064,...
7,-12,1064,...
7,-12,1064,...
7,-12,1064,...
7,-12,1064,...
7,-12,1064,...
7,-12,1064,...
7,-12,1064,...
7,-12,1064,...
7,-12,1064,...
7,-12,1064,...
7,-12,1064,...
7,-10,1066,...
7,-10,1066,...
7,-10,1066,...
7,-10,1066,...
7,-10,1066,...
7,-10,1066,...
7,-10,1066,...
7,-10,1066,...
7,-10,1066,...
7,-10,1066,...
6,-9,1067,...
6,-9,1067,...
6,-9,1067,...
6,-9,1067,...
6,-9,1067,...
6,-9,1067,...
6,-9,1067,...
6,-9,1067,...
6,-9,1067,...
6,-9,1067,...
6,-9,1067,...
6,-9,1066,...
4,-10,1066,...
4,-10,1066,...
4,-10,1066,...
4,-10,1066,...
4,-10,1066,...
4,-10,1066,...
4,-10,1066,...
4,-10,1066,...
4,-10,1066,...
4,-10,1066,...
3,-11,1066,...
3,-11,1066,...
3,-11,1066,...
3,-11,1066,...
3,-11,1066,...
3,-11,1066,...
3,-11,1066,...
3,-11,1066,...
3,-11,1066,...
3,-11,1066,...
3,-11,1066,...
5,-11,1065,...
5,-11,1065,...
5,-11,1065,...
5,-11,1065,...
5,-11,1065,...
5,-11,1065,...
5,-11,1065,...
5,-11,1065,...
5,-11,1065,...
5,-11,1065,...
5,-11,1065,...
5,-11,1065,...
5,-11,1065,...
5,-11,1065,...
5,-11,1065,...
5,-11,1065,...
5,-11,1065,...
5,-11,1065,...
5,-11,1065,...
5,-11,1065,...
5,-11,1065,...
6,-11,1065,...
6,-11,1065,...
6,-11,1065,...
6,-11,1065,...
6,-11,1065,...
6,-11,1065,...
6,-11,1065,...
6,-11,1065,...
6,-11,1065,...
6,-11,1065,...
6,-11,1066,...
6,-11,1066,...
6,-11,1066,...
6,-11,1066,...
6,-11,1066,...
6,-11,1066,...
6,-11,1066,...
6,-11,1066,...
6,-11,1066,...
6,-11,1066,...
6,-11,1066,...
6,-11,1064,...
6,-11,1064,...
6,-11,1064,...
6,-11,1064,...
6,-11,1064,...
6,-11,1064,...
6,-11,1064,...
6,-11,1064,...
6,-11,1064,...
6,-11,1064,...
7,-10,1065,...
7,-10,1065,...
7,-10,1065,...
7,-10,1065,...
7,-10,1065,...
7,-10,1065,...
7,-10,1065,...
7,-10,1065,...
7,-10,1065,...
7,-10,1065,...
7,-10,1065,...
5,-11,1066,...
5,-11,1066,...
5,-11,1066,...
5,-11,1066,...
5,-11,1066,...
5,-11,1066,...
5,-11,1066,...
5,-11,1066,...
5,-11,1066,...
5,-11,1066,...
5,-11,1066,...
6,-11,1066,...
6,-11,1066,...
6,-11,1066,...
6,-11,1066,...
6,-11,1066,...
6,-11,1066,...
6,-11,1066,...
6,-11,1066,...
6,-11,1066,...
6,-11,1066,...
5,-10,1066,...
5,-10,1066,...
5,-10,1066,...
5,-10,1066,...
5,-10,1066,...
5,-10,1066,...
5,-10,1066,...
5,-10,1066,...
5,-10,1066,...
5,-10,1066,...
5,-10,1066,...
5,-10,1066,...
5,-10,1066,...
5,-10,1066,...
5,-10,1066,...
5,-10,1066,...
5,-10,1066,...
5,-10,1066,...
5,-10,1066,...
5,-10,1066,...
5,-10,1066,...
5,-10,1065,...
5,-10,1065,...
5,-10,1065,...
5,-10,1065,...
5,-10,1065,...
5,-10,1065,...
5,-10,1065,...
5,-10,1065,...
5,-10,1065,...
5,-10,1065,...
5,-10,1065,...
5,-12,1065,...
5,-12,1065,...
5,-12,1065,...
5,-12,1065,...
5,-12,1065,...
5,-12,1065,...
5,-12,1065,...
5,-12,1065,...
5,-12,1065,...
5,-12,1065,...
5,-12,1065,...
5,-12,1065,...
5,-12,1065,...
5,-12,1065,...
5,-12,1065,...
5,-12,1065,...
5,-12,1065,...
5,-12,1065,...
5,-12,1065,...
5,-12,1065,...
5,-12,1065,...
6,-12,1065,...
6,-12,1065,...
6,-12,1065,...
6,-12,1065,...
6,-12,1065,...
6,-12,1065,...
6,-12,1065,...
6,-12,1065,...
6,-12,1065,...
6,-12,1065,...
6,-11,1064,...
6,-11,1064,...
6,-11,1064,...
6,-11,1064,...
6,-11,1064,...
6,-11,1064,...
6,-11,1064,...
6,-11,1064,...
6,-11,1064,...
6,-11,1064,...
6,-11,1064,...
5,-11,1066,...
5,-11,1066,...
5,-11,1066,...
5,-11,1066,...
5,-11,1066,...
5,-11,1066,...
5,-11,1066,...
5,-11,1066,...
5,-11,1066,...
5,-11,1066,...
5,-11,1066,...
6,-11,1066,...
6,-11,1066,...
6,-11,1066,...
6,-11,1066,...
6,-11,1066,...
6,-11,1066,...
6,-11,1066,...
6,-11,1066,...
6,-11,1066,...
6,-11,1066,...
5,-11,1066,...
5,-11,1066,...
5,-11,1066,...
5,-11,1066,...
5,-11,1066,...
5,-11,1066,...
5,-11,1066,...
5,-11,1066,...
5,-11,1066,...
5,-11,1066,...
5,-11,1066,...
4,-10,1067,...
4,-10,1067,...
4,-10,1067,...
4,-10,1067,...
4,-10,1067,...
4,-10,1067,...
4,-10,1067,...
4,-10,1067,...
4,-10,1067,...
4,-10,1067,...
4,-10,1065,...
4,-10,1065,...
4,-10,1065,...
4,-10,1065,...
4,-10,1065,...
4,-10,1065,...
4,-10,1065,...
4,-10,1065,...
4,-10,1065,...
4,-10,1065,...
4,-10,1065,...
5,-11,1065,...
5,-11,1065,...
5,-11,1065,...
5,-11,1065,...
5,-11,1065,...
5,-11,1065,...
5,-11,1065,...
5,-11,1065,...
5,-11,1065,...
5,-11,1065,...
6,-11,1066,...
6,-11,1066,...
6,-11,1066,...
6,-11,1066,...
6,-11,1066,...
6,-11,1066,...
6,-11,1066,...
6,-11,1066,...
6,-11,1066,...
6,-11,1066,...
6,-11,1066,...
6,-12,1066,...
6,-12,1066,...
6,-12,1066,...
6,-12,1066,...
6,-12,1066,...
6,-12,1066,...
6,-12,1066,...
6,-12,1066,...
6,-12,1066,...
6,-12,1066,...
7,-12,1065,...
7,-12,1065,...
7,-12,1065,...
7,-12,1065,...
7,-12,1065,...
7,-12,1065,...
7,-12,1065,...
7,-12,1065,...
7,-12,1065,...
7,-12,1065,...
7,-12,1065,...
6,-12,1065,...
6,-12,1065,...
6,-12,1065,...
6,-12,1065,...
6,-12,1065,...
6,-12,1065,...
6,-12,1065,...
6,-12,1065,...
6,-12,1065,...
6,-12,1065,...
6,-12,1065,...
6,-10,1065,...
6,-10,1065,...
6,-10,1065,...
6,-10,1065,...
6,-10,1065,...
6,-10,1065,...
6,-10,1065,...
6,-10,1065,...
6,-10,1065,...
6,-10,1065,...
5,-9,1067,...
5,-9,1067,...
5,-9,1067,...
5,-9,1067,...
5,-9,1067,...
5,-9,1067,...
5,-9,1067,...
5,-9,1067,...
5,-9,1067,...
5,-9,1067,...
5,-9,1067,...
4,-9,1066,...
4,-9,1066,...
4,-9,1066,...
4,-9,1066,...
4,-9,1066,...
4,-9,1066,...
4,-9,1066,...
4,-9,1066,...
4,-9,1066,...
4,-9,1066,...
4,-9,1066,...
5,-10,1066,...
5,-10,1066,...
5,-10,1066,...
5,-10,1066,...
5,-10,1066,...
5,-10,1066,...
5,-10,1066,...
5,-10,1066,...
5,-10,1066,...
5,-10,1066,...
5,-10,1066,...
6,-11,1065,...
6,-11,1065,...
6,-11,1065,...
6,-11,1065,...
6,-11,1065,...
6,-11,1065,...
6,-11,1065,...
6,-11,1065,...
6,-11,1065,...
6,-11,1065,...
6,-11,1066,...
6,-11,1066,...
6,-11,1066,...
6,-11,1066,...
6,-11,1066,...
6,-11,1066,...
6,-11,1066,...
6,-11,1066,...
6,-11,1066,...
6,-11,1066,...
6,-11,1066,...
6,-11,1065,...
6,-11,1065,...
6,-11,1065,...
6,-11,1065,...
6,-11,1065,...
6,-11,1065,...
6,-11,1065,...
6,-11,1065,...
6,-11,1065,...
6,-11,1065,...
6,-11,1065,...
5,-11,1065,...
5,-11,1065,...
5,-11,1065,...
5,-11,1065,...
5,-11,1065,...
5,-11,1065,...
5,-11,1065,...
5,-11,1065,...
5,-11,1065,...
5,-11,1065,...
5,-11,1067,...
5,-11,1067,...
5,-11,1067,...
5,-11,1067,...
5,-11,1067,...
5,-11,1067,...
5,-11,1067,...
5,-11,1067,...
5,-11,1067,...
5,-11,1067,...
5,-11,1067,...
5,-12,1066,...
5,-12,1066,...
5,-12,1066,...
5,-12,1066,...
5,-12,1066,...
5,-12,1066,...
5,-12,1066,...
5,-12,1066,...
5,-12,1066,...
5,-12,1066,...
5,-11,1065,...
5,-11,1065,...
5,-11,1065,...
5,-11,1065,...
5,-11,1065,...
5,-11,1065,...
5,-11,1065,...
5,-11,1065,...
5,-11,1065,...
5,-11,1065,...
5,-11,1065,...
7,-10,1067,...
7,-10,1067,...
7,-10,1067,...
7,-10,1067,...
7,-10,1067,...
7,-10,1067,...
7,-10,1067,...
7,-10,1067,...
7,-10,1067,...
7,-10,1067,...
6,-10,1066,...
6,-10,1066,...
6,-10,1066,...
6,-10,1066,...
6,-10,1066,...
6,-10,1066,...
6,-10,1066,...
6,-10,1066,...
6,-10,1066,...
6,-10,1066,...
6,-10,1066,...
5,-10,1068,...
5,-10,1068,...
5,-10,1068,...
5,-10,1068,...
5,-10,1068,...
5,-10,1068,...
5,-10,1068,...
5,-10,1068,...
5,-10,1068,...
5,-10,1068,...
5,-10,1067,...
5,-10,1067,...
5,-10,1067,...
5,-10,1067,...
5,-10,1067,...
5,-10,1067,...
5,-10,1067,...
5,-10,1067,...
5,-10,1067,...
5,-10,1067,...
5,-10,1067,...
5,-11,1066,...
5,-11,1066,...
5,-11,1066,...
5,-11,1066,...
5,-11,1066,...
5,-11,1066,...
5,-11,1066,...
5,-11,1066,...
5,-11,1066,...
5,-11,1066,...
5,-11,1066,...
6,-14,1064,...
6,-14,1064,...
6,-14,1064,...
6,-14,1064,...
6,-14,1064,...
6,-14,1064,...
6,-14,1064,...
6,-14,1064,...
6,-14,1064,...
6,-14,1064,...
5,-15,1063,...
5,-15,1063,...
5,-15,1063,...
5,-15,1063,...
5,-15,1063,...
5,-15,1063,...
5,-15,1063,...
5,-15,1063,...
5,-15,1063,...
5,-15,1063,...
5,-15,1063,...
5,-13,1066,...
5,-13,1066,...
5,-13,1066,...
5,-13,1066,...
5,-13,1066,...
5,-13,1066,...
5,-13,1066,...
5,-13,1066,...
5,-13,1066,...
5,-13,1066,...
5,-10,1065,...
5,-10,1065,...
5,-10,1065,...
5,-10,1065,...
5,-10,1065,...
5,-10,1065,...
5,-10,1065,...
5,-10,1065,...
5,-10,1065,...
5,-10,1065,...
5,-10,1065,...
6,-9,1065,...
6,-9,1065,...
6,-9,1065,...
6,-9,1065,...
6,-9,1065,...
6,-9,1065,...
6,-9,1065,...
6,-9,1065,...
6,-9,1065,...
6,-9,1065,...
6,-9,1065,...
5,-9,1067,...
5,-9,1067,...
5,-9,1067,...
5,-9,1067,...
5,-9,1067,...
5,-9,1067,...
5,-9,1067,...
5,-9,1067,...
5,-9,1067,...
5,-9,1067,...
5,-9,1067,...
6,-9,1069,...
6,-9,1069,...
6,-9,1069,...
6,-9,1069,...
6,-9,1069,...
6,-9,1069,...
6,-9,1069,...
6,-9,1069,...
6,-9,1069,...
6,-9,1069,...
6,-9,1069,...
6,-9,1066,...
6,-9,1066,...
6,-9,1066,...
6,-9,1066,...
6,-9,1066,...
6,-9,1066,...
6,-9,1066,...
6,-9,1066,...
6,-9,1066,...
6,-9,1066,...
6,-9,1066,...
7,-9,1065,...
7,-9,1065,...
7,-9,1065,...
7,-9,1065,...
7,-9,1065,...
7,-9,1065,...
7,-9,1065,...
7,-9,1065,...
7,-9,1065,...
7,-9,1065,...
7,-9,1065,...
7,-9,1067,...
7,-9,1067,...
7,-9,1067,...
7,-9,1067,...
7,-9,1067,...
7,-9,1067,...
7,-9,1067,...
7,-9,1067,...
7,-9,1067,...
7,-9,1067,...
7,-9,1067,...
7,-9,1067,...
8,-9,1066,...
8,-9,1066,...
8,-9,1066,...
8,-9,1066,...
8,-9,1066,...
8,-9,1066,...
8,-9,1066,...
8,-9,1066,...
8,-9,1066,...
8,-9,1066,...
8,-9,1066,...
6,-11,1065,...
6,-11,1065,...
6,-11,1065,...
6,-11,1065,...
6,-11,1065,...
6,-11,1065,...
6,-11,1065,...
6,-11,1065,...
6,-11,1065,...
6,-11,1065,...
4,-12,1066,...
4,-12,1066,...
4,-12,1066,...
4,-12,1066,...
4,-12,1066,...
4,-12,1066,...
4,-12,1066,...
4,-12,1066,...
4,-12,1066,...
4,-12,1066,...
4,-12,1066,...
3,-13,1064,...
3,-13,1064,...
3,-13,1064,...
3,-13,1064,...
3,-13,1064,...
3,-13,1064,...
3,-13,1064,...
3,-13,1064,...
3,-13,1064,...
3,-13,1064,...
3,-11,1064,...
3,-11,1064,...
3,-11,1064,...
3,-11,1064,...
3,-11,1064,...
3,-11,1064,...
3,-11,1064,...
3,-11,1064,...
3,-11,1064,...
3,-11,1064,...
3,-11,1064,...
5,-8,1067,...
5,-8,1067,...
5,-8,1067,...
5,-8,1067,...
5,-8,1067,...
5,-8,1067,...
5,-8,1067,...
5,-8,1067,...
5,-8,1067,...
5,-8,1067,...
5,-8,1067,...
5,-7,1067,...
5,-7,1067,...
5,-7,1067,...
5,-7,1067,...
5,-7,1067,...
5,-7,1067,...
5,-7,1067,...
5,-7,1067,...
5,-7,1067,...
5,-7,1067,...
5,-7,1067,...
5,-8,1065,...
5,-8,1065,...
5,-8,1065,...
5,-8,1065,...
5,-8,1065,...
5,-8,1065,...
5,-8,1065,...
5,-8,1065,...
5,-8,1065,...
5,-8,1065,...
5,-8,1065,...
6,-11,1066,...
6,-11,1066,...
6,-11,1066,...
6,-11,1066,...
6,-11,1066,...
6,-11,1066,...
6,-11,1066,...
6,-11,1066,...
6,-11,1066,...
6,-11,1066,...
6,-11,1066,...
5,-13,1066,...
5,-13,1066,...
5,-13,1066,...
5,-13,1066,...
5,-13,1066,...
5,-13,1066,...
5,-13,1066,...
5,-13,1066,...
5,-13,1066,...
5,-13,1066,...
6,-12,1066,...
6,-12,1066,...
6,-12,1066,...
6,-12,1066,...
6,-12,1066,...
6,-12,1066,...
6,-12,1066,...
6,-12,1066,...
6,-12,1066,...
6,-12,1066,...
6,-12,1066,...
5,-11,1067,...
5,-11,1067,...
5,-11,1067,...
5,-11,1067,...
5,-11,1067,...
5,-11,1067,...
5,-11,1067,...
5,-11,1067,...
5,-11,1067,...
5,-11,1067,...
5,-11,1067,...
9,-12,1066,...
9,-12,1066,...
9,-12,1066,...
9,-12,1066,...
9,-12,1066,...
9,-12,1066,...
9,-12,1066,...
9,-12,1066,...
9,-12,1066,...
9,-12,1066,...
10,-11,1068,...
10,-11,1068,...
10,-11,1068,...
10,-11,1068,...
10,-11,1068,...
10,-11,1068,...
10,-11,1068,...
10,-11,1068,...
10,-11,1068,...
10,-11,1068,...
8,-10,1066,...
8,-10,1066,...
8,-10,1066,...
8,-10,1066,...
8,-10,1066,...
8,-10,1066,...
8,-10,1066,...
8,-10,1066,...
8,-10,1066,...
8,-10,1066,...
8,-10,1066,...
4,-9,1067,...
4,-9,1067,...
4,-9,1067,...
4,-9,1067,...
4,-9,1067,...
4,-9,1067,...
4,-9,1067,...
4,-9,1067,...
4,-9,1067,...
4,-9,1067,...
4,-9,1067,...
3,-9,1068,...
3,-9,1068,...
3,-9,1068,...
3,-9,1068,...
3,-9,1068,...
3,-9,1068,...
3,-9,1068,...
3,-9,1068,...
3,-9,1068,...
3,-9,1068,...
3,-9,1068,...
4,-11,1065,...
4,-11,1065,...
4,-11,1065,...
4,-11,1065,...
4,-11,1065,...
4,-11,1065,...
4,-11,1065,...
4,-11,1065,...
4,-11,1065,...
4,-11,1065,...
4,-11,1063,...
8,-12,1063,...
8,-12,1063,...
8,-12,1063,...
8,-12,1063,...
8,-12,1063,...
8,-12,1063,...
8,-12,1063,...
8,-12,1063,...
8,-12,1063,...
8,-12,1063,...
8,-11,1066,...
8,-11,1066,...
8,-11,1066,...
8,-11,1066,...
8,-11,1066,...
8,-11,1066,...
8,-11,1066,...
8,-11,1066,...
8,-11,1066,...
8,-11,1066,...
8,-11,1066,...
7,-10,1066,...
7,-10,1066,...
7,-10,1066,...
7,-10,1066,...
7,-10,1066,...
7,-10,1066,...
7,-10,1066,...
7,-10,1066,...
7,-10,1066,...
7,-10,1066,...
5,-10,1065,...
5,-10,1065,...
5,-10,1065,...
5,-10,1065,...
5,-10,1065,...
5,-10,1065,...
5,-10,1065,...
5,-10,1065,...
5,-10,1065,...
5,-10,1065,...
5,-10,1065,...
5,-9,1067,...
5,-9,1067,...
5,-9,1067,...
5,-9,1067,...
5,-9,1067,...
5,-9,1067,...
5,-9,1067,...
5,-9,1067,...
5,-9,1067,...
5,-9,1067,...
5,-9,1067,...
6,-10,1069,...
6,-10,1069,...
6,-10,1069,...
6,-10,1069,...
6,-10,1069,...
6,-10,1069,...
6,-10,1069,...
6,-10,1069,...
6,-10,1069,...
6,-10,1069,...
5,-11,1065,...
5,-11,1065,...
5,-11,1065,...
5,-11,1065,...
5,-11,1065,...
5,-11,1065,...
5,-11,1065,...
5,-11,1065,...
5,-11,1065,...
5,-11,1065,...
5,-11,1065,...
3,-11,1066,...
3,-11,1066,...
3,-11,1066,...
3,-11,1066,...
3,-11,1066,...
3,-11,1066,...
3,-11,1066,...
3,-11,1066,...
3,-11,1066,...
3,-11,1066,...
3,-11,1066,...
5,-10,1066,...
5,-10,1066,...
5,-10,1066,...
5,-10,1066,...
5,-10,1066,...
5,-10,1066,...
5,-10,1066,...
5,-10,1066,...
5,-10,1066,...
5,-10,1066,...
5,-9,1066,...
5,-9,1066,...
5,-9,1066,...
5,-9,1066,...
5,-9,1066,...
5,-9,1066,...
5,-9,1066,...
5,-9,1066,...
5,-9,1066,...
5,-9,1066,...
5,-9,1066,...
5,-10,1064,...
5,-10,1064,...
5,-10,1064,...
5,-10,1064,...
5,-10,1064,...
5,-10,1064,...
5,-10,1064,...
5,-10,1064,...
5,-10,1064,...
5,-10,1064,...
5,-10,1064,...
5,-12,1066,...
5,-12,1066,...
5,-12,1066,...
5,-12,1066,...
5,-12,1066,...
5,-12,1066,...
5,-12,1066,...
5,-12,1066,...
5,-12,1066,...
5,-12,1066,...
7,-11,1068,...
7,-11,1068,...
7,-11,1068,...
7,-11,1068,...
7,-11,1068,...
7,-11,1068,...
7,-11,1068,...
7,-11,1068,...
7,-11,1068,...
7,-11,1068,...
7,-11,1068,...
9,-10,1067,...
9,-10,1067,...
9,-10,1067,...
9,-10,1067,...
9,-10,1067,...
9,-10,1067,...
9,-10,1067,...
9,-10,1067,...
9,-10,1067,...
9,-10,1067,...
8,-11,1066,...
8,-11,1066,...
8,-11,1066,...
8,-11,1066,...
8,-11,1066,...
8,-11,1066,...
8,-11,1066,...
8,-11,1066,...
8,-11,1066,...
8,-11,1066,...
8,-11,1066,...
6,-11,1066,...
6,-11,1066,...
6,-11,1066,...
6,-11,1066,...
6,-11,1066,...
6,-11,1066,...
6,-11,1066,...
6,-11,1066,...
6,-11,1066,...
6,-11,1066,...
6,-11,1066,...
5,-11,1064,...
5,-11,1064,...
5,-11,1064,...
5,-11,1064,...
5,-11,1064,...
5,-11,1064,...
5,-11,1064,...
5,-11,1064,...
5,-11,1064,...
5,-11,1064,...
5,-10,1068,...
5,-10,1068,...
5,-10,1068,...
5,-10,1068,...
5,-10,1068,...
5,-10,1068,...
5,-10,1068,...
5,-10,1068,...
5,-10,1068,...
5,-10,1068,...
5,-10,1068,...
4,-9,1068,...
4,-9,1068,...
4,-9,1068,...
4,-9,1068,...
4,-9,1068,...
4,-9,1068,...
4,-9,1068,...
4,-9,1068,...
4,-9,1068,...
4,-9,1068,...
4,-9,1068,...
5,-10,1066,...
5,-10,1066,...
5,-10,1066,...
5,-10,1066,...
5,-10,1066,...
5,-10,1066,...
5,-10,1066,...
5,-10,1066,...
5,-10,1066,...
5,-10,1066,...
7,-11,1067,...
7,-11,1067,...
7,-11,1067,...
7,-11,1067,...
7,-11,1067,...
7,-11,1067,...
7,-11,1067,...
7,-11,1067,...
7,-11,1067,...
7,-11,1067,...
7,-11,1067,...
7,-12,1066,...
7,-12,1066,...
7,-12,1066,...
7,-12,1066,...
7,-12,1066,...
7,-12,1066,...
7,-12,1066,...
7,-12,1066,...
7,-12,1066,...
7,-12,1066,...
4,-12,1063,...
4,-12,1063,...
4,-12,1063,...
4,-12,1063,...
4,-12,1063,...
4,-12,1063,...
4,-12,1063,...
4,-12,1063,...
4,-12,1063,...
4,-12,1063,...
4,-12,1063,...
3,-11,1069,...
3,-11,1069,...
3,-11,1069,...
3,-11,1069,...
3,-11,1069,...
3,-11,1069,...
3,-11,1069,...
3,-11,1069,...
3,-11,1069,...
3,-11,1069,...
3,-11,1069,...
4,-9,1066,...
4,-9,1066,...
4,-9,1066,...
4,-9,1066,...
4,-9,1066,...
4,-9,1066,...
4,-9,1066,...
4,-9,1066,...
4,-9,1066,...
4,-9,1066,...
4,-9,1066,...
8,-10,1067,...
8,-10,1067,...
8,-10,1067,...
8,-10,1067,...
8,-10,1067,...
8,-10,1067,...
8,-10,1067,...
8,-10,1067,...
8,-10,1067,...
8,-10,1067,...
9,-11,1067,...
9,-11,1067,...
9,-11,1067,...
9,-11,1067,...
9,-11,1067,...
9,-11,1067,...
9,-11,1067,...
9,-11,1067,...
9,-11,1067,...
9,-11,1067,...
9,-11,1067,...
7,-11,1065,...
7,-11,1065,...
7,-11,1065,...
7,-11,1065,...
7,-11,1065,...
7,-11,1065,...
7,-11,1065,...
7,-11,1065,...
7,-11,1065,...
7,-11,1065,...
6,-10,1067,...
6,-10,1067,...
6,-10,1067,...
6,-10,1067,...
6,-10,1067,...
6,-10,1067,...
6,-10,1067,...
6,-10,1067,...
6,-10,1067,...
6,-10,1067,...
6,-10,1067,...
4,-11,1067,...
4,-11,1067,...
4,-11,1067,...
4,-11,1067,...
4,-11,1067,...
4,-11,1067,...
4,-11,1067,...
4,-11,1067,...
4,-11,1067,...
4,-11,1067,...
3,-14,1064,...
3,-14,1064,...
3,-14,1064,...
3,-14,1064,...
3,-14,1064,...
3,-14,1064,...
3,-14,1064,...
3,-14,1064,...
3,-14,1064,...
3,-14,1064,...
3,-14,1064,...
6,-16,1063,...
6,-16,1063,...
6,-16,1063,...
6,-16,1063,...
6,-16,1063,...
6,-16,1063,...
6,-16,1063,...
6,-16,1063,...
6,-16,1063,...
6,-16,1063,...
6,-16,1063,...
8,-12,1064,...
8,-12,1064,...
8,-12,1064,...
8,-12,1064,...
8,-12,1064,...
8,-12,1064,...
8,-12,1064,...
8,-12,1064,...
8,-12,1064,...
8,-12,1064,...
9,-8,1068,...
9,-8,1068,...
9,-8,1068,...
9,-8,1068,...
9,-8,1068,...
9,-8,1068,...
9,-8,1068,...
9,-8,1068,...
9,-8,1068,...
9,-8,1068,...
9,-8,1068,...
5,-8,1067,...
5,-8,1067,...
5,-8,1067,...
5,-8,1067,...
5,-8,1067,...
5,-8,1067,...
5,-8,1067,...
5,-8,1067,...
5,-8,1067,...
5,-8,1067,...
5,-8,1067,...
3,-10,1064,...
3,-10,1064,...
3,-10,1064,...
3,-10,1064,...
3,-10,1064,...
3,-10,1064,...
3,-10,1064,...
3,-10,1064,...
3,-10,1064,...
3,-10,1064,...
3,-10,1064,...
5,-12,1065,...
5,-12,1065,...
5,-12,1065,...
5,-12,1065,...
5,-12,1065,...
5,-12,1065,...
5,-12,1065,...
5,-12,1065,...
5,-12,1065,...
5,-12,1065,...
5,-12,1064,...
6,-11,1064,...
6,-11,1064,...
6,-11,1064,...
6,-11,1064,...
6,-11,1064,...
6,-11,1064,...
6,-11,1064,...
6,-11,1064,...
6,-11,1064,...
6,-11,1064,...
7,-10,1066,...
7,-10,1066,...
7,-10,1066,...
7,-10,1066,...
7,-10,1066,...
7,-10,1066,...
7,-10,1066,...
7,-10,1066,...
7,-10,1066,...
7,-10,1066,...
7,-10,1066,...
6,-10,1068,...
6,-10,1068,...
6,-10,1068,...
6,-10,1068,...
6,-10,1068,...
6,-10,1068,...
6,-10,1068,...
6,-10,1068,...
6,-10,1068,...
6,-10,1068,...
6,-10,1066,...
6,-10,1066,...
6,-10,1066,...
6,-10,1066,...
6,-10,1066,...
6,-10,1066,...
6,-10,1066,...
6,-10,1066,...
6,-10,1066,...
6,-10,1066,...
6,-10,1066,...
7,-11,1065,...
7,-11,1065,...
7,-11,1065,...
7,-11,1065,...
7,-11,1065,...
7,-11,1065,...
7,-11,1065,...
7,-11,1065,...
7,-11,1065,...
7,-11,1065,...
7,-12,1065,...
7,-12,1065,...
7,-12,1065,...
7,-12,1065,...
7,-12,1065,...
7,-12,1065,...
7,-12,1065,...
7,-12,1065,...
7,-12,1065,...
7,-12,1065,...
7,-12,1065,...
5,-12,1064,...
5,-12,1064,...
5,-12,1064,...
5,-12,1064,...
5,-12,1064,...
5,-12,1064,...
5,-12,1064,...
5,-12,1064,...
5,-12,1064,...
5,-12,1064,...
5,-10,1066,...
5,-10,1066,...
5,-10,1066,...
5,-10,1066,...
5,-10,1066,...
5,-10,1066,...
5,-10,1066,...
5,-10,1066,...
5,-10,1066,...
5,-10,1066,...
5,-10,1066,...
4,-7,1065,...
4,-7,1065,...
4,-7,1065,...
4,-7,1065,...
4,-7,1065,...
4,-7,1065,...
4,-7,1065,...
4,-7,1065,...
4,-7,1065,...
4,-7,1065,...
4,-7,1065,...
4,-8,1066,...
4,-8,1066,...
4,-8,1066,...
4,-8,1066,...
4,-8,1066,...
4,-8,1066,...
4,-8,1066,...
4,-8,1066,...
4,-8,1066,...
4,-8,1066,...
4,-8,1066,...
3,-10,1066,...
3,-10,1066,...
3,-10,1066,...
3,-10,1066,...
3,-10,1066,...
3,-10,1066,...
3,-10,1066,...
3,-10,1066,...
3,-10,1066,...
3,-10,1066,...
3,-10,1066,...
5,-12,1065,...
5,-12,1065,...
5,-12,1065,...
5,-12,1065,...
5,-12,1065,...
5,-12,1065,...
5,-12,1065,...
5,-12,1065,...
5,-12,1065,...
5,-12,1065,...
7,-13,1066,...
7,-13,1066,...
7,-13,1066,...
7,-13,1066,...
7,-13,1066,...
7,-13,1066,...
7,-13,1066,...
7,-13,1066,...
7,-13,1066,...
7,-13,1066,...
7,-13,1066,...
7,-11,1066,...
7,-11,1066,...
7,-11,1066,...
7,-11,1066,...
7,-11,1066,...
7,-11,1066,...
7,-11,1066,...
7,-11,1066,...
7,-11,1066,...
7,-11,1066,...
7,-9,1065,...
7,-9,1065,...
7,-9,1065,...
7,-9,1065,...
7,-9,1065,...
7,-9,1065,...
7,-9,1065,...
7,-9,1065,...
7,-9,1065,...
7,-9,1065,...
7,-9,1065,...
7,-9,1065,...
5,-11,1067,...
5,-11,1067,...
5,-11,1067,...
5,-11,1067,...
5,-11,1067,...
5,-11,1067,...
5,-11,1067,...
5,-11,1067,...
5,-11,1067,...
5,-11,1067,...
4,-13,1064,...
4,-13,1064,...
4,-13,1064,...
4,-13,1064,...
4,-13,1064,...
4,-13,1064,...
4,-13,1064,...
4,-13,1064,...
4,-13,1064,...
4,-13,1064,...
4,-13,1064,...
4,-12,1065,...
4,-12,1065,...
4,-12,1065,...
4,-12,1065,...
4,-12,1065,...
4,-12,1065,...
4,-12,1065,...
4,-12,1065,...
4,-12,1065,...
4,-12,1065,...
5,-12,1066,...
5,-12,1066,...
5,-12,1066,...
5,-12,1066,...
5,-12,1066,...
5,-12,1066,...
5,-12,1066,...
5,-12,1066,...
5,-12,1066,...
5,-12,1066,...
5,-12,1066,...
5,-10,1067,...
5,-10,1067,...
5,-10,1067,...
5,-10,1067,...
5,-10,1067,...
5,-10,1067,...
5,-10,1067,...
5,-10,1067,...
5,-10,1067,...
5,-10,1067,...
6,-7,1067,...
6,-7,1067,...
6,-7,1067,...
6,-7,1067,...
6,-7,1067,...
6,-7,1067,...
6,-7,1067,...
6,-7,1067,...
6,-7,1067,...
6,-7,1067,...
6,-7,1067,...
6,-7,1067,...
7,-8,1067,...
7,-8,1067,...
7,-8,1067,...
7,-8,1067,...
7,-8,1067,...
7,-8,1067,...
7,-8,1067,...
7,-8,1067,...
7,-8,1067,...
7,-8,1067,...
7,-8,1067,...
8,-10,1067,...
8,-10,1067,...
8,-10,1067,...
8,-10,1067,...
8,-10,1067,...
8,-10,1067,...
8,-10,1067,...
8,-10,1067,...
8,-10,1067,...
8,-10,1067,...
7,-12,1064,...
7,-12,1064,...
7,-12,1064,...
7,-12,1064,...
7,-12,1064,...
7,-12,1064,...
7,-12,1064,...
7,-12,1064,...
7,-12,1064,...
7,-12,1064,...
7,-12,1064,...
7,-13,1065,...
7,-13,1065,...
7,-13,1065,...
7,-13,1065,...
7,-13,1065,...
7,-13,1065,...
7,-13,1065,...
7,-13,1065,...
7,-13,1065,...
7,-13,1065,...
6,-12,1067,...
6,-12,1067,...
6,-12,1067,...
6,-12,1067,...
6,-12,1067,...
6,-12,1067,...
6,-12,1067,...
6,-12,1067,...
6,-12,1067,...
6,-12,1067,...
6,-12,1067,...
4,-10,1067,...
4,-10,1067,...
4,-10,1067,...
4,-10,1067,...
4,-10,1067,...
4,-10,1067,...
4,-10,1067,...
4,-10,1067,...
4,-10,1067,...
4,-10,1067,...
4,-10,1067,...
4,-10,1067,...
4,-10,1067,...
4,-10,1067,...
4,-10,1067,...
4,-10,1067,...
4,-10,1067,...
4,-10,1067,...
4,-10,1067,...
4,-10,1067,...
4,-10,1067,...
3,-10,1064,...
3,-10,1064,...
3,-10,1064,...
3,-10,1064,...
3,-10,1064,...
3,-10,1064,...
3,-10,1064,...
3,-10,1064,...
3,-10,1064,...
3,-10,1064,...
3,-10,1064,...
4,-11,1064,...
4,-11,1064,...
4,-11,1064,...
4,-11,1064,...
4,-11,1064,...
4,-11,1064,...
4,-11,1064,...
4,-11,1064,...
4,-11,1064,...
4,-11,1064,...
7,-12,1064,...
7,-12,1064,...
7,-12,1064,...
7,-12,1064,...
7,-12,1064,...
7,-12,1064,...
7,-12,1064,...
7,-12,1064,...
7,-12,1064,...
7,-12,1064,...
7,-12,1064,...
8,-12,1065,...
8,-12,1065,...
8,-12,1065,...
8,-12,1065,...
8,-12,1065,...
8,-12,1065,...
8,-12,1065,...
8,-12,1065,...
8,-12,1065,...
8,-12,1065,...
8,-11,1065,...
8,-11,1065,...
8,-11,1065,...
8,-11,1065,...
8,-11,1065,...
8,-11,1065,...
8,-11,1065,...
8,-11,1065,...
8,-11,1065,...
8,-11,1065,...
8,-11,1065,...
7,-8,1067,...
7,-8,1067,...
7,-8,1067,...
7,-8,1067,...
7,-8,1067,...
7,-8,1067,...
7,-8,1067,...
7,-8,1067,...
7,-8,1067,...
7,-8,1067,...
7,-8,1067,...
5,-9,1067,...
5,-9,1067,...
5,-9,1067,...
5,-9,1067,...
5,-9,1067,...
5,-9,1067,...
5,-9,1067,...
5,-9,1067,...
5,-9,1067,...
5,-9,1067,...
5,-9,1067,...
4,-11,1065,...
4,-11,1065,...
4,-11,1065,...
4,-11,1065,...
4,-11,1065,...
4,-11,1065,...
4,-11,1065,...
4,-11,1065,...
4,-11,1065,...
4,-11,1065,...
4,-11,1065,...
4,-13,1066,...
4,-13,1066,...
4,-13,1066,...
4,-13,1066,...
4,-13,1066,...
4,-13,1066,...
4,-13,1066,...
4,-13,1066,...
4,-13,1066,...
4,-13,1066,...
5,-11,1066,...
5,-11,1066,...
5,-11,1066,...
5,-11,1066,...
5,-11,1066,...
5,-11,1066,...
5,-11,1066,...
5,-11,1066,...
5,-11,1066,...
5,-11,1066,...
5,-11,1066,...
7,-9,1067,...
7,-9,1067,...
7,-9,1067,...
7,-9,1067,...
7,-9,1067,...
7,-9,1067,...
7,-9,1067,...
7,-9,1067,...
7,-9,1067,...
7,-9,1067,...
7,-9,1067,...
5,-8,1065,...
5,-8,1065,...
5,-8,1065,...
5,-8,1065,...
5,-8,1065,...
5,-8,1065,...
5,-8,1065,...
5,-8,1065,...
5,-8,1065,...
5,-8,1065,...
5,-8,1065,...
6,-11,1066,...
6,-11,1066,...
6,-11,1066,...
6,-11,1066,...
6,-11,1066,...
6,-11,1066,...
6,-11,1066,...
6,-11,1066,...
6,-11,1066,...
6,-11,1066,...
6,-11,1066,...
7,-12,1065,...
7,-12,1065,...
7,-12,1065,...
7,-12,1065,...
7,-12,1065,...
7,-12,1065,...
7,-12,1065,...
7,-12,1065,...
7,-12,1065,...
7,-12,1065,...
6,-13,1061,...
6,-13,1061,...
6,-13,1061,...
6,-13,1061,...
6,-13,1061,...
6,-13,1061,...
6,-13,1061,...
6,-13,1061,...
6,-13,1061,...
6,-13,1061,...
6,-13,1061,...
4,-12,1063,...
4,-12,1063,...
4,-12,1063,...
4,-12,1063,...
4,-12,1063,...
4,-12,1063,...
4,-12,1063,...
4,-12,1063,...
4,-12,1063,...
4,-12,1063,...
4,-10,1065,...
4,-10,1065,...
4,-10,1065,...
4,-10,1065,...
4,-10,1065,...
4,-10,1065,...
4,-10,1065,...
4,-10,1065,...
4,-10,1065,...
4,-10,1065,...
4,-10,1065,...
4,-8,1067,...
4,-8,1067,...
4,-8,1067,...
4,-8,1067,...
4,-8,1067,...
4,-8,1067,...
4,-8,1067,...
4,-8,1067,...
4,-8,1067,...
4,-8,1067,...
4,-8,1067,...
3,-9,1066,...
3,-9,1066,...
3,-9,1066,...
3,-9,1066,...
3,-9,1066,...
3,-9,1066,...
3,-9,1066,...
3,-9,1066,...
3,-9,1066,...
3,-9,1066,...
3,-9,1066,...
4,-11,1063,...
4,-11,1063,...
4,-11,1063,...
4,-11,1063,...
4,-11,1063,...
4,-11,1063,...
4,-11,1063,...
4,-11,1063,...
4,-11,1063,...
4,-11,1063,...
4,-11,1063,...
5,-12,1067,...
5,-12,1067,...
5,-12,1067,...
5,-12,1067,...
5,-12,1067,...
5,-12,1067,...
5,-12,1067,...
5,-12,1067,...
5,-12,1067,...
5,-12,1067,...
7,-10,1066,...
7,-10,1066,...
7,-10,1066,...
7,-10,1066,...
7,-10,1066,...
7,-10,1066,...
7,-10,1066,...
7,-10,1066,...
7,-10,1066,...
7,-10,1066,...
7,-10,1066,...
8,-9,1066,...
8,-9,1066,...
8,-9,1066,...
8,-9,1066,...
8,-9,1066,...
8,-9,1066,...
8,-9,1066,...
8,-9,1066,...
8,-9,1066,...
8,-9,1066,...
8,-9,1066,...
6,-10,1065,...
6,-10,1065,...
6,-10,1065,...
6,-10,1065,...
6,-10,1065,...
6,-10,1065,...
6,-10,1065,...
6,-10,1065,...
6,-10,1065,...
6,-10,1065,...
5,-12,1064,...
5,-12,1064,...
5,-12,1064,...
5,-12,1064,...
5,-12,1064,...
5,-12,1064,...
5,-12,1064,...
5,-12,1064,...
5,-12,1064,...
5,-12,1064,...
5,-12,1064,...
4,-11,1065,...
4,-11,1065,...
4,-11,1065,...
4,-11,1065,...
4,-11,1065,...
4,-11,1065,...
4,-11,1065,...
4,-11,1065,...
4,-11,1065,...
4,-11,1065,...
4,-11,1066,...
5,-10,1066,...
5,-10,1066,...
5,-10,1066,...
5,-10,1066,...
5,-10,1066,...
5,-10,1066,...
5,-10,1066,...
5,-10,1066,...
5,-10,1066,...
5,-10,1066,...
6,-9,1066,...
6,-9,1066,...
6,-9,1066,...
6,-9,1066,...
6,-9,1066,...
6,-9,1066,...
6,-9,1066,...
6,-9,1066,...
6,-9,1066,...
6,-9,1066,...
6,-9,1066,...
7,-10,1065,...
7,-10,1065,...
7,-10,1065,...
7,-10,1065,...
7,-10,1065,...
7,-10,1065,...
7,-10,1065,...
7,-10,1065,...
7,-10,1065,...
7,-10,1065,...
7,-10,1065,...
8,-12,1065,...
8,-12,1065,...
8,-12,1065,...
8,-12,1065,...
8,-12,1065,...
8,-12,1065,...
8,-12,1065,...
8,-12,1065,...
8,-12,1065,...
8,-12,1065,...
6,-14,1065,...
6,-14,1065,...
6,-14,1065,...
6,-14,1065,...
6,-14,1065,...
6,-14,1065,...
6,-14,1065,...
6,-14,1065,...
6,-14,1065,...
6,-14,1065,...
6,-14,1065,...
4,-13,1064,...
4,-13,1064,...
4,-13,1064,...
4,-13,1064,...
4,-13,1064,...
4,-13,1064,...
4,-13,1064,...
4,-13,1064,...
4,-13,1064,...
4,-13,1064,...
4,-11,1065,...
4,-11,1065,...
4,-11,1065,...
4,-11,1065,...
4,-11,1065,...
4,-11,1065,...
4,-11,1065,...
4,-11,1065,...
4,-11,1065,...
4,-11,1065,...
4,-11,1065,...
7,-9,1066,...
7,-9,1066,...
7,-9,1066,...
7,-9,1066,...
7,-9,1066,...
7,-9,1066,...
7,-9,1066,...
7,-9,1066,...
7,-9,1066,...
7,-9,1066,...
7,-9,1066,...
8,-9,1066,...
8,-9,1066,...
8,-9,1066,...
8,-9,1066,...
8,-9,1066,...
8,-9,1066,...
8,-9,1066,...
8,-9,1066,...
8,-9,1066,...
8,-9,1066,...
8,-9,1066,...
6,-9,1067,...
6,-9,1067,...
6,-9,1067,...
6,-9,1067,...
6,-9,1067,...
6,-9,1067,...
6,-9,1067,...
6,-9,1067,...
6,-9,1067,...
6,-9,1067,...
6,-9,1067,...
5,-9,1065,...
5,-9,1065,...
5,-9,1065,...
5,-9,1065,...
5,-9,1065,...
5,-9,1065,...
5,-9,1065,...
5,-9,1065,...
5,-9,1065,...
5,-9,1065,...
5,-9,1065,...
4,-9,1065,...
4,-9,1065,...
4,-9,1065,...
4,-9,1065,...
4,-9,1065,...
4,-9,1065,...
4,-9,1065,...
4,-9,1065,...
4,-9,1065,...
4,-9,1065,...
4,-9,1065,...
4,-9,1065,...
4,-11,1064,...
4,-11,1064,...
4,-11,1064,...
4,-11,1064,...
4,-11,1064,...
4,-11,1064,...
4,-11,1064,...
4,-11,1064,...
4,-11,1064,...
4,-11,1064,...
4,-13,1064,...
4,-13,1064,...
4,-13,1064,...
4,-13,1064,...
4,-13,1064,...
4,-13,1064,...
4,-13,1064,...
4,-13,1064,...
4,-13,1064,...
4,-13,1064,...
4,-13,1064,...
6,-14,1064,...
6,-14,1064,...
6,-14,1064,...
6,-14,1064,...
6,-14,1064,...
6,-14,1064,...
6,-14,1064,...
6,-14,1064,...
6,-14,1064,...
6,-14,1064,...
7,-13,1065,...
7,-13,1065,...
7,-13,1065,...
7,-13,1065,...
7,-13,1065,...
7,-13,1065,...
7,-13,1065,...
7,-13,1065,...
7,-13,1065,...
7,-13,1065,...
7,-13,1065,...
7,-12,1066,...
7,-12,1066,...
7,-12,1066,...
7,-12,1066,...
7,-12,1066,...
7,-12,1066,...
7,-12,1066,...
7,-12,1066,...
7,-12,1066,...
7,-12,1066,...
6,-11,1066,...
6,-11,1066,...
6,-11,1066,...
6,-11,1066,...
6,-11,1066,...
6,-11,1066,...
6,-11,1066,...
6,-11,1066,...
6,-11,1066,...
6,-11,1066,...
6,-11,1066,...
3,-10,1065,...
3,-10,1065,...
3,-10,1065,...
3,-10,1065,...
3,-10,1065,...
3,-10,1065,...
3,-10,1065,...
3,-10,1065,...
3,-10,1065,...
3,-10,1065,...
3,-10,1066,...
3,-9,1066,...
3,-9,1066,...
3,-9,1066,...
3,-9,1066,...
3,-9,1066,...
3,-9,1066,...
3,-9,1066,...
3,-9,1066,...
3,-9,1066,...
3,-9,1066,...
3,-9,1066,...
4,-9,1065,...
4,-9,1065,...
4,-9,1065,...
4,-9,1065,...
4,-9,1065,...
4,-9,1065,...
4,-9,1065,...
4,-9,1065,...
4,-9,1065,...
4,-9,1065,...
4,-9,1065,...
6,-9,1065,...
6,-9,1065,...
6,-9,1065,...
6,-9,1065,...
6,-9,1065,...
6,-9,1065,...
6,-9,1065,...
6,-9,1065,...
6,-9,1065,...
6,-9,1065,...
6,-9,1065,...
7,-10,1065,...
7,-10,1065,...
7,-10,1065,...
7,-10,1065,...
7,-10,1065,...
7,-10,1065,...
7,-10,1065,...
7,-10,1065,...
7,-10,1065,...
7,-10,1065,...
7,-11,1064,...
7,-11,1064,...
7,-11,1064,...
7,-11,1064,...
7,-11,1064,...
7,-11,1064,...
7,-11,1064,...
7,-11,1064,...
7,-11,1064,...
7,-11,1064,...
7,-11,1064,...
6,-12,1065,...
6,-12,1065,...
6,-12,1065,...
6,-12,1065,...
6,-12,1065,...
6,-12,1065,...
6,-12,1065,...
6,-12,1065,...
6,-12,1065,...
6,-12,1065,...
6,-12,1065,...
4,-12,1065,...
4,-12,1065,...
4,-12,1065,...
4,-12,1065,...
4,-12,1065,...
4,-12,1065,...
4,-12,1065,...
4,-12,1065,...
4,-12,1065,...
4,-12,1065,...
4,-12,1065,...
4,-12,1065,...
4,-12,1065,...
4,-12,1065,...
4,-12,1065,...
4,-12,1065,...
4,-12,1065,...
4,-12,1065,...
4,-12,1065,...
4,-12,1065,...
4,-12,1065,...
5,-11,1065,...
5,-11,1065,...
5,-11,1065,...
5,-11,1065,...
5,-11,1065,...
5,-11,1065,...
5,-11,1065,...
5,-11,1065,...
5,-11,1065,...
5,-11,1065,...
5,-11,1065,...
5,-11,1065,...
5,-11,1065,...
5,-11,1065,...
5,-11,1065,...
5,-11,1065,...
5,-11,1065,...
5,-11,1065,...
5,-11,1065,...
5,-11,1065,...
5,-11,1065,...
5,-10,1066,...
5,-10,1066,...
5,-10,1066,...
5,-10,1066,...
5,-10,1066,...
5,-10,1066,...
5,-10,1066,...
5,-10,1066,...
5,-10,1066,...
5,-10,1066,...
4,-10,1066,...
4,-10,1066,...
4,-10,1066,...
4,-10,1066,...
4,-10,1066,...
4,-10,1066,...
4,-10,1066,...
4,-10,1066,...
4,-10,1066,...
4,-10,1066,...
4,-10,1066,...
6,-11,1066,...
6,-11,1066,...
6,-11,1066,...
6,-11,1066,...
6,-11,1066,...
6,-11,1066,...
6,-11,1066,...
6,-11,1066,...
6,-11,1066,...
6,-11,1066,...
7,-11,1066,...
7,-11,1066,...
7,-11,1066,...
7,-11,1066,...
7,-11,1066,...
7,-11,1066,...
7,-11,1066,...
7,-11,1066,...
7,-11,1066,...
7,-11,1066,...
7,-11,1066,...
7,-11,1065,...
7,-11,1065,...
7,-11,1065,...
7,-11,1065,...
7,-11,1065,...
7,-11,1065,...
7,-11,1065,...
7,-11,1065,...
7,-11,1065,...
7,-11,1065,...
7,-11,1065,...
6,-10,1068,...
6,-10,1068,...
6,-10,1068,...
6,-10,1068,...
6,-10,1068,...
6,-10,1068,...
6,-10,1068,...
6,-10,1068,...
6,-10,1068,...
6,-10,1068,...
7,-9,1066,...
7,-9,1066,...
7,-9,1066,...
7,-9,1066,...
7,-9,1066,...
7,-9,1066,...
7,-9,1066,...
7,-9,1066,...
7,-9,1066,...
7,-9,1066,...
7,-9,1066,...
7,-10,1065,...
7,-10,1065,...
7,-10,1065,...
7,-10,1065,...
7,-10,1065,...
7,-10,1065,...
7,-10,1065,...
7,-10,1065,...
7,-10,1065,...
7,-10,1065,...
7,-10,1065,...
5,-12,1065,...
5,-12,1065,...
5,-12,1065,...
5,-12,1065,...
5,-12,1065,...
5,-12,1065,...
5,-12,1065,...
5,-12,1065,...
5,-12,1065,...
5,-12,1065,...
3,-12,1063,...
3,-12,1063,...
3,-12,1063,...
3,-12,1063,...
3,-12,1063,...
3,-12,1063,...
3,-12,1063,...
3,-12,1063,...
3,-12,1063,...
3,-12,1063,...
3,-12,1063,...
3,-12,1065,...
3,-12,1065,...
3,-12,1065,...
3,-12,1065,...
3,-12,1065,...
3,-12,1065,...
3,-12,1065,...
3,-12,1065,...
3,-12,1065,...
3,-12,1065,...
3,-11,1066,...
5,-11,1066,...
5,-11,1066,...
5,-11,1066,...
5,-11,1066,...
5,-11,1066,...
5,-11,1066,...
5,-11,1066,...
5,-11,1066,...
5,-11,1066,...
5,-11,1066,...
7,-10,1065,...
7,-10,1065,...
7,-10,1065,...
7,-10,1065,...
7,-10,1065,...
7,-10,1065,...
7,-10,1065,...
7,-10,1065,...
7,-10,1065,...
7,-10,1065,...
7,-10,1065,...
6,-12,1065,...
6,-12,1065,...
6,-12,1065,...
6,-12,1065,...
6,-12,1065,...
6,-12,1065,...
6,-12,1065,...
6,-12,1065,...
6,-12,1065,...
6,-12,1065,...
7,-12,1066,...
7,-12,1066,...
7,-12,1066,...
7,-12,1066,...
7,-12,1066,...
7,-12,1066,...
7,-12,1066,...
7,-12,1066,...
7,-12,1066,...
7,-12,1066,...
7,-12,1066,...
8,-11,1066,...
8,-11,1066,...
8,-11,1066,...
8,-11,1066,...
8,-11,1066,...
8,-11,1066,...
8,-11,1066,...
8,-11,1066,...
8,-11,1066,...
8,-11,1066,...
6,-9,1066,...
6,-9,1066,...
6,-9,1066,...
6,-9,1066,...
6,-9,1066,...
6,-9,1066,...
6,-9,1066,...
6,-9,1066,...
6,-9,1066,...
6,-9,1066,...
6,-9,1066,...
4,-9,1067,...
4,-9,1067,...
4,-9,1067,...
4,-9,1067,...
4,-9,1067,...
4,-9,1067,...
4,-9,1067,...
4,-9,1067,...
4,-9,1067,...
4,-9,1067,...
4,-9,1067,...
4,-9,1066,...
3,-9,1066,...
3,-9,1066,...
3,-9,1066,...
3,-9,1066,...
3,-9,1066,...
3,-9,1066,...
3,-9,1066,...
3,-9,1066,...
3,-9,1066,...
3,-9,1066,...
3,-9,1066,...
5,-11,1067,...
5,-11,1067,...
5,-11,1067,...
5,-11,1067,...
5,-11,1067,...
5,-11,1067,...
5,-11,1067,...
5,-11,1067,...
5,-11,1067,...
5,-11,1067,...
6,-12,1064,...
6,-12,1064,...
6,-12,1064,...
6,-12,1064,...
6,-12,1064,...
6,-12,1064,...
6,-12,1064,...
6,-12,1064,...
6,-12,1064,...
6,-12,1064,...
6,-12,1064,...
8,-13,1065,...
8,-13,1065,...
8,-13,1065,...
8,-13,1065,...
8,-13,1065,...
8,-13,1065,...
8,-13,1065,...
8,-13,1065,...
8,-13,1065,...
8,-13,1065,...
6,-13,1064,...
6,-13,1064,...
6,-13,1064,...
6,-13,1064,...
6,-13,1064,...
6,-13,1064,...
6,-13,1064,...
6,-13,1064,...
6,-13,1064,...
6,-13,1064,...
6,-13,1064,...
5,-11,1066,...
5,-11,1066,...
5,-11,1066,...
5,-11,1066,...
5,-11,1066,...
5,-11,1066,...
5,-11,1066,...
5,-11,1066,...
5,-11,1066,...
5,-11,1066,...
5,-10,1066,...
4,-10,1066,...
4,-10,1066,...
4,-10,1066,...
4,-10,1066,...
4,-10,1066,...
4,-10,1066,...
4,-10,1066,...
4,-10,1066,...
4,-10,1066,...
4,-10,1066,...
4,-9,1067,...
4,-9,1067,...
4,-9,1067,...
4,-9,1067,...
4,-9,1067,...
4,-9,1067,...
4,-9,1067,...
4,-9,1067,...
4,-9,1067,...
4,-9,1067,...
4,-9,1067,...
5,-9,1066,...
5,-9,1066,...
5,-9,1066,...
5,-9,1066,...
5,-9,1066,...
5,-9,1066,...
5,-9,1066,...
5,-9,1066,...
5,-9,1066,...
5,-9,1066,...
5,-9,1066,...
7,-9,1067,...
7,-9,1067,...
7,-9,1067,...
7,-9,1067,...
7,-9,1067,...
7,-9,1067,...
7,-9,1067,...
7,-9,1067,...
7,-9,1067,...
7,-9,1067,...
7,-9,1067,...
7,-9,1067,...
7,-9,1067,...
7,-9,1067,...
7,-9,1067,...
7,-9,1067,...
7,-9,1067,...
7,-9,1067,...
7,-9,1067,...
7,-9,1067,...
7,-9,1067,...
7,-9,1067,...
7,-9,1067,...
5,-9,1067,...
5,-9,1067,...
5,-9,1067,...
5,-9,1067,...
5,-9,1067,...
5,-9,1067,...
5,-9,1067,...
5,-9,1067,...
5,-9,1067,...
5,-9,1067,...
5,-9,1067,...
4,-10,1065,...
4,-10,1065,...
4,-10,1065,...
4,-10,1065,...
4,-10,1065,...
4,-10,1065,...
4,-10,1065,...
4,-10,1065,...
4,-10,1065,...
4,-10,1065,...
6,-11,1065,...
6,-11,1065,...
6,-11,1065,...
6,-11,1065,...
6,-11,1065,...
6,-11,1065,...
6,-11,1065,...
6,-11,1065,...
6,-11,1065,...
6,-11,1065,...
6,-11,1065,...
7,-13,1065,...
7,-13,1065,...
7,-13,1065,...
7,-13,1065,...
7,-13,1065,...
7,-13,1065,...
7,-13,1065,...
7,-13,1065,...
7,-13,1065,...
7,-13,1065,...
7,-14,1064,...
7,-14,1064,...
7,-14,1064,...
7,-14,1064,...
7,-14,1064,...
7,-14,1064,...
7,-14,1064,...
7,-14,1064,...
7,-14,1064,...
7,-14,1064,...
7,-14,1064,...
7,-13,1064,...
7,-13,1064,...
7,-13,1064,...
7,-13,1064,...
7,-13,1064,...
7,-13,1064,...
7,-13,1064,...
7,-13,1064,...
7,-13,1064,...
7,-13,1064,...
7,-13,1065,...
5,-11,1065,...
5,-11,1065,...
5,-11,1065,...
5,-11,1065,...
5,-11,1065,...
5,-11,1065,...
5,-11,1065,...
5,-11,1065,...
5,-11,1065,...
5,-11,1065,...
4,-9,1067,...
4,-9,1067,...
4,-9,1067,...
4,-9,1067,...
4,-9,1067,...
4,-9,1067,...
4,-9,1067,...
4,-9,1067,...
4,-9,1067,...
4,-9,1067,...
4,-9,1067,...
4,-9,1065,...
4,-9,1065,...
4,-9,1065,...
4,-9,1065,...
4,-9,1065,...
4,-9,1065,...
4,-9,1065,...
4,-9,1065,...
4,-9,1065,...
4,-9,1065,...
4,-9,1065,...
5,-9,1067,...
5,-9,1067,...
5,-9,1067,...
5,-9,1067,...
5,-9,1067,...
5,-9,1067,...
5,-9,1067,...
5,-9,1067,...
5,-9,1067,...
5,-9,1067,...
5,-9,1067,...
7,-10,1066,...
7,-10,1066,...
7,-10,1066,...
7,-10,1066,...
7,-10,1066,...
7,-10,1066,...
7,-10,1066,...
7,-10,1066,...
7,-10,1066,...
7,-10,1066,...
7,-10,1066,...
8,-11,1066,...
8,-11,1066,...
8,-11,1066,...
8,-11,1066,...
8,-11,1066,...
8,-11,1066,...
8,-11,1066,...
8,-11,1066,...
8,-11,1066,...
8,-11,1066,...
8,-11,1066,...
7,-11,1065,...
7,-11,1065,...
7,-11,1065,...
7,-11,1065,...
7,-11,1065,...
7,-11,1065,...
7,-11,1065,...
7,-11,1065,...
7,-11,1065,...
7,-11,1065,...
6,-12,1064,...
6,-12,1064,...
6,-12,1064,...
6,-12,1064,...
6,-12,1064,...
6,-12,1064,...
6,-12,1064,...
6,-12,1064,...
6,-12,1064,...
6,-12,1064,...
6,-12,1064,...
6,-12,1065,...
6,-12,1065,...
6,-12,1065,...
6,-12,1065,...
6,-12,1065,...
6,-12,1065,...
6,-12,1065,...
6,-12,1065,...
6,-12,1065,...
6,-12,1065,...
5,-12,1065,...
5,-12,1065,...
5,-12,1065,...
5,-12,1065,...
5,-12,1065,...
5,-12,1065,...
5,-12,1065,...
5,-12,1065,...
5,-12,1065,...
5,-12,1065,...
5,-12,1065,...
5,-12,1066,...
5,-12,1066,...
5,-12,1066,...
5,-12,1066,...
5,-12,1066,...
5,-12,1066,...
5,-12,1066,...
5,-12,1066,...
5,-12,1066,...
5,-12,1066,...
6,-10,1067,...
6,-10,1067,...
6,-10,1067,...
6,-10,1067,...
6,-10,1067,...
6,-10,1067,...
6,-10,1067,...
6,-10,1067,...
6,-10,1067,...
6,-10,1067,...
6,-10,1067,...
6,-9,1067,...
6,-9,1067,...
6,-9,1067,...
6,-9,1067,...
6,-9,1067,...
6,-9,1067,...
6,-9,1067,...
6,-9,1067,...
6,-9,1067,...
6,-9,1067,...
6,-9,1067,...
5,-9,1066,...
5,-9,1066,...
5,-9,1066,...
5,-9,1066,...
5,-9,1066,...
5,-9,1066,...
5,-9,1066,...
5,-9,1066,...
5,-9,1066,...
5,-9,1066,...
5,-9,1066,...
3,-11,1065,...
3,-11,1065,...
3,-11,1065,...
3,-11,1065,...
3,-11,1065,...
3,-11,1065,...
3,-11,1065,...
3,-11,1065,...
3,-11,1065,...
3,-11,1065,...
3,-11,1065,...
4,-12,1065,...
4,-12,1065,...
4,-12,1065,...
4,-12,1065,...
4,-12,1065,...
4,-12,1065,...
4,-12,1065,...
4,-12,1065,...
4,-12,1065,...
4,-12,1065,...
5,-12,1065,...
5,-12,1065,...
5,-12,1065,...
5,-12,1065,...
5,-12,1065,...
5,-12,1065,...
5,-12,1065,...
5,-12,1065,...
5,-12,1065,...
5,-12,1065,...
5,-12,1065,...
7,-10,1065,...
7,-10,1065,...
7,-10,1065,...
7,-10,1065,...
7,-10,1065,...
7,-10,1065,...
7,-10,1065,...
7,-10,1065,...
7,-10,1065,...
7,-10,1065,...
7,-10,1066,...
7,-10,1066,...
7,-10,1066,...
7,-10,1066,...
7,-10,1066,...
7,-10,1066,...
7,-10,1066,...
7,-10,1066,...
7,-10,1066,...
7,-10,1066,...
7,-10,1066,...
7,-10,1066,...
7,-10,1066,...
7,-10,1066,...
7,-10,1066,...
7,-10,1066,...
7,-10,1066,...
7,-10,1066,...
7,-10,1066,...
7,-10,1066,...
7,-10,1066,...
7,-10,1065,...
5,-11,1065,...
5,-11,1065,...
5,-11,1065,...
5,-11,1065,...
5,-11,1065,...
5,-11,1065,...
5,-11,1065,...
5,-11,1065,...
5,-11,1065,...
5,-11,1065,...
3,-11,1066,...
3,-11,1066,...
3,-11,1066,...
3,-11,1066,...
3,-11,1066,...
3,-11,1066,...
3,-11,1066,...
3,-11,1066,...
3,-11,1066,...
3,-11,1066,...
3,-11,1066,...
3,-10,1066,...
3,-10,1066,...
3,-10,1066,...
3,-10,1066,...
3,-10,1066,...
3,-10,1066,...
3,-10,1066,...
3,-10,1066,...
3,-10,1066,...
3,-10,1066,...
4,-10,1066,...
4,-10,1066,...
4,-10,1066,...
4,-10,1066,...
4,-10,1066,...
4,-10,1066,...
4,-10,1066,...
4,-10,1066,...
4,-10,1066,...
4,-10,1066,...
4,-10,1066,...
7,-9,1067,...
7,-9,1067,...
7,-9,1067,...
7,-9,1067,...
7,-9,1067,...
7,-9,1067,...
7,-9,1067,...
7,-9,1067,...
7,-9,1067,...
7,-9,1067,...
7,-9,1067,...
8,-10,1066,...
8,-10,1066,...
8,-10,1066,...
8,-10,1066,...
8,-10,1066,...
8,-10,1066,...
8,-10,1066,...
8,-10,1066,...
8,-10,1066,...
8,-10,1066,...
8,-11,1065,...
8,-11,1065,...
8,-11,1065,...
8,-11,1065,...
8,-11,1065,...
8,-11,1065,...
8,-11,1065,...
8,-11,1065,...
8,-11,1065,...
8,-11,1065,...
8,-11,1065,...
7,-12,1065,...
7,-12,1065,...
7,-12,1065,...
7,-12,1065,...
7,-12,1065,...
7,-12,1065,...
7,-12,1065,...
7,-12,1065,...
7,-12,1065,...
7,-12,1065,...
7,-12,1065,...
5,-12,1065,...
5,-12,1065,...
5,-12,1065,...
5,-12,1065,...
5,-12,1065,...
5,-12,1065,...
5,-12,1065,...
5,-12,1065,...
5,-12,1065,...
5,-12,1065,...
4,-11,1065,...
4,-11,1065,...
4,-11,1065,...
4,-11,1065,...
4,-11,1065,...
4,-11,1065,...
4,-11,1065,...
4,-11,1065,...
4,-11,1065,...
4,-11,1065,...
4,-11,1065,...
5,-10,1066,...
5,-10,1066,...
5,-10,1066,...
5,-10,1066,...
5,-10,1066,...
5,-10,1066,...
5,-10,1066,...
5,-10,1066,...
5,-10,1066,...
5,-10,1066,...
5,-11,1066,...
5,-11,1066,...
5,-11,1066,...
5,-11,1066,...
5,-11,1066,...
5,-11,1066,...
5,-11,1066,...
5,-11,1066,...
5,-11,1066,...
5,-11,1066,...
5,-11,1066,...
5,-11,1066,...
5,-11,1066,...
5,-11,1066,...
5,-11,1066,...
5,-11,1066,...
5,-11,1066,...
5,-11,1066,...
5,-11,1066,...
5,-11,1066,...
5,-11,1066,...
6,-11,1066,...
6,-11,1066,...
6,-11,1066,...
6,-11,1066,...
6,-11,1066,...
6,-11,1066,...
6,-11,1066,...
6,-11,1066,...
6,-11,1066,...
6,-11,1066,...
6,-11,1066,...
7,-11,1065,...
7,-11,1065,...
7,-11,1065,...
7,-11,1065,...
7,-11,1065,...
7,-11,1065,...
7,-11,1065,...
7,-11,1065,...
7,-11,1065,...
7,-11,1065,...
5,-12,1065,...
5,-12,1065,...
5,-12,1065,...
5,-12,1065,...
5,-12,1065,...
5,-12,1065,...
5,-12,1065,...
5,-12,1065,...
5,-12,1065,...
5,-12,1065,...
5,-12,1065,...
5,-11,1065,...
5,-11,1065,...
5,-11,1065,...
5,-11,1065,...
5,-11,1065,...
5,-11,1065,...
5,-11,1065,...
5,-11,1065,...
5,-11,1065,...
5,-11,1065,...
5,-11,1066,...
6,-11,1066,...
6,-11,1066,...
6,-11,1066,...
6,-11,1066,...
6,-11,1066,...
6,-11,1066,...
6,-11,1066,...
6,-11,1066,...
6,-11,1066,...
6,-11,1066,...
6,-11,1066,...
6,-11,1066,...
6,-11,1066,...
6,-11,1066,...
6,-11,1066,...
6,-11,1066,...
6,-11,1066,...
6,-11,1066,...
6,-11,1066,...
6,-11,1066,...
6,-11,1066,...
6,-11,1066,...
6,-11,1066,...
6,-11,1066,...
6,-11,1066,...
6,-11,1066,...
6,-11,1066,...
6,-11,1066,...
6,-11,1066,...
6,-11,1066,...
6,-11,1066,...
5,-10,1066,...
5,-10,1066,...
5,-10,1066,...
5,-10,1066,...
5,-10,1066,...
5,-10,1066,...
5,-10,1066,...
5,-10,1066,...
5,-10,1066,...
5,-10,1066,...
5,-10,1066,...
4,-10,1066,...
4,-10,1066,...
4,-10,1066,...
4,-10,1066,...
4,-10,1066,...
4,-10,1066,...
4,-10,1066,...
4,-10,1066,...
4,-10,1066,...
4,-10,1066,...
5,-9,1066,...
5,-9,1066,...
5,-9,1066,...
5,-9,1066,...
5,-9,1066,...
5,-9,1066,...
5,-9,1066,...
5,-9,1066,...
5,-9,1066,...
5,-9,1066,...
5,-9,1066,...
6,-10,1066,...
6,-10,1066,...
6,-10,1066,...
6,-10,1066,...
6,-10,1066,...
6,-10,1066,...
6,-10,1066,...
6,-10,1066,...
6,-10,1066,...
6,-10,1066,...
6,-10,1066,...
7,-11,1065,...
7,-11,1065,...
7,-11,1065,...
7,-11,1065,...
7,-11,1065,...
7,-11,1065,...
7,-11,1065,...
7,-11,1065,...
7,-11,1065,...
7,-11,1065,...
7,-11,1065,...
7,-11,1066,...
7,-11,1066,...
7,-11,1066,...
7,-11,1066,...
7,-11,1066,...
7,-11,1066,...
7,-11,1066,...
7,-11,1066,...
7,-11,1066,...
7,-11,1066,...
7,-11,1066,...
7,-11,1066,...
7,-11,1066,...
7,-11,1066,...
7,-11,1066,...
7,-11,1066,...
7,-11,1066,...
7,-11,1066,...
7,-11,1066,...
7,-11,1066,...
7,-11,1066,...
6,-10,1065,...
6,-10,1065,...
6,-10,1065,...
6,-10,1065,...
6,-10,1065,...
6,-10,1065,...
6,-10,1065,...
6,-10,1065,...
6,-10,1065,...
6,-10,1065,...
5,-11,1066,...
5,-11,1066,...
5,-11,1066,...
5,-11,1066,...
5,-11,1066,...
5,-11,1066,...
5,-11,1066,...
5,-11,1066,...
5,-11,1066,...
5,-11,1066,...
5,-11,1066,...
4,-11,1066,...
4,-11,1066,...
4,-11,1066,...
4,-11,1066,...
4,-11,1066,...
4,-11,1066,...
4,-11,1066,...
4,-11,1066,...
4,-11,1066,...
4,-11,1066,...
5,-10,1065,...
5,-10,1065,...
5,-10,1065,...
5,-10,1065,...
5,-10,1065,...
5,-10,1065,...
5,-10,1065,...
5,-10,1065,...
5,-10,1065,...
5,-10,1065,...
5,-10,1065,...
6,-11,1066,...
6,-11,1066,...
6,-11,1066,...
6,-11,1066,...
6,-11,1066,...
6,-11,1066,...
6,-11,1066,...
6,-11,1066,...
6,-11,1066,...
6,-11,1066,...
6,-11,1066,...
6,-11,1066,...
6,-11,1066,...
6,-11,1066,...
6,-11,1066,...
6,-11,1066,...
6,-11,1066,...
6,-11,1066,...
6,-11,1066,...
6,-11,1066,...
6,-11,1066,...
6,-11,1065,...
6,-11,1065,...
6,-11,1065,...
6,-11,1065,...
6,-11,1065,...
6,-11,1065,...
6,-11,1065,...
6,-11,1065,...
6,-11,1065,...
6,-11,1065,...
6,-11,1065,...
5,-11,1065,...
5,-11,1065,...
5,-11,1065,...
5,-11,1065,...
5,-11,1065,...
5,-11,1065,...
5,-11,1065,...
5,-11,1065,...
5,-11,1065,...
5,-11,1065,...
5,-11,1065,...
5,-11,1065,...
5,-11,1065,...
5,-11,1065,...
5,-11,1065,...
5,-11,1065,...
5,-11,1065,...
5,-11,1065,...
5,-11,1065,...
5,-11,1065,...
5,-11,1065,...
5,-12,1065,...
5,-12,1065,...
5,-12,1065,...
5,-12,1065,...
5,-12,1065,...
5,-12,1065,...
5,-12,1065,...
5,-12,1065,...
5,-12,1065,...
5,-12,1065,...
6,-10,1067,...
6,-10,1067,...
6,-10,1067,...
6,-10,1067,...
6,-10,1067,...
6,-10,1067,...
6,-10,1067,...
6,-10,1067,...
6,-10,1067,...
6,-10,1067,...
6,-10,1067,...
6,-10,1066,...
6,-10,1066,...
6,-10,1066,...
6,-10,1066,...
6,-10,1066,...
6,-10,1066,...
6,-10,1066,...
6,-10,1066,...
6,-10,1066,...
6,-10,1066,...
6,-9,1067,...
6,-9,1067,...
6,-9,1067,...
6,-9,1067,...
6,-9,1067,...
6,-9,1067,...
6,-9,1067,...
6,-9,1067,...
6,-9,1067,...
6,-9,1067,...
6,-9,1067,...
6,-10,1065,...
6,-10,1065,...
6,-10,1065,...
6,-10,1065,...
6,-10,1065,...
6,-10,1065,...
6,-10,1065,...
6,-10,1065,...
6,-10,1065,...
6,-10,1065,...
6,-10,1065,...
6,-11,1065,...
6,-11,1065,...
6,-11,1065,...
6,-11,1065,...
6,-11,1065,...
6,-11,1065,...
6,-11,1065,...
6,-11,1065,...
6,-11,1065,...
6,-11,1065,...
6,-11,1065,...
6,-12,1065,...
6,-12,1065,...
6,-12,1065,...
6,-12,1065,...
6,-12,1065,...
6,-12,1065,...
6,-12,1065,...
6,-12,1065,...
6,-12,1065,...
6,-12,1065,...
5,-12,1065,...
5,-12,1065,...
5,-12,1065,...
5,-12,1065,...
5,-12,1065,...
5,-12,1065,...
5,-12,1065,...
5,-12,1065,...
5,-12,1065,...
5,-12,1065,...
5,-12,1065,...
5,-11,1065,...
5,-11,1065,...
5,-11,1065,...
5,-11,1065,...
5,-11,1065,...
5,-11,1065,...
5,-11,1065,...
5,-11,1065,...
5,-11,1065,...
5,-11,1065,...
5,-10,1065,...
5,-10,1065,...
5,-10,1065,...
5,-10,1065,...
5,-10,1065,...
5,-10,1065,...
5,-10,1065,...
5,-10,1065,...
5,-10,1065,...
5,-10,1065,...
5,-10,1065,...
6,-10,1065,...
6,-10,1065,...
6,-10,1065,...
6,-10,1065,...
6,-10,1065,...
6,-10,1065,...
6,-10,1065,...
6,-10,1065,...
6,-10,1065,...
6,-10,1065,...
5,-10,1066,...
5,-10,1066,...
5,-10,1066,...
5,-10,1066,...
5,-10,1066,...
5,-10,1066,...
5,-10,1066,...
5,-10,1066,...
5,-10,1066,...
5,-10,1066,...
5,-10,1066,...
5,-10,1065,...
5,-10,1065,...
5,-10,1065,...
5,-10,1065,...
5,-10,1065,...
5,-10,1065,...
5,-10,1065,...
5,-10,1065,...
5,-10,1065,...
5,-10,1065,...
5,-10,1067,...
5,-10,1067,...
5,-10,1067,...
5,-10,1067,...
5,-10,1067,...
5,-10,1067,...
5,-10,1067,...
5,-10,1067,...
5,-10,1067,...
5,-10,1067,...
5,-10,1067,...
5,-10,1066,...
5,-10,1066,...
5,-10,1066,...
5,-10,1066,...
5,-10,1066,...
5,-10,1066,...
5,-10,1066,...
5,-10,1066,...
5,-10,1066,...
5,-10,1066,...
5,-10,1066,...
5,-11,1065,...
5,-11,1065,...
5,-11,1065,...
5,-11,1065,...
5,-11,1065,...
5,-11,1065,...
5,-11,1065,...
5,-11,1065,...
5,-11,1065,...
5,-11,1065,...
5,-12,1065,...
5,-12,1065,...
5,-12,1065,...
5,-12,1065,...
5,-12,1065,...
5,-12,1065,...
5,-12,1065,...
5,-12,1065,...
5,-12,1065,...
5,-12,1065,...
5,-12,1065,...
6,-12,1066,...
6,-12,1066,...
6,-12,1066,...
6,-12,1066,...
6,-12,1066,...
6,-12,1066,...
6,-12,1066,...
6,-12,1066,...
6,-12,1066,...
6,-12,1066,...
6,-11,1065,...
6,-11,1065,...
6,-11,1065,...
6,-11,1065,...
6,-11,1065,...
6,-11,1065,...
6,-11,1065,...
6,-11,1065,...
6,-11,1065,...
6,-11,1065,...
6,-11,1065,...
6,-11,1066,...
6,-11,1066,...
6,-11,1066,...
6,-11,1066,...
6,-11,1066,...
6,-11,1066,...
6,-11,1066,...
6,-11,1066,...
6,-11,1066,...
6,-11,1066,...
5,-10,1066,...
5,-10,1066,...
5,-10,1066,...
5,-10,1066,...
5,-10,1066,...
5,-10,1066,...
5,-10,1066,...
5,-10,1066,...
5,-10,1066,...
5,-10,1066,...
5,-10,1066,...
5,-10,1065,...
5,-10,1065,...
5,-10,1065,...
5,-10,1065,...
5,-10,1065,...
5,-10,1065,...
5,-10,1065,...
5,-10,1065,...
5,-10,1065,...
5,-10,1065,...
5,-10,1065,...
4,-10,1065,...
4,-10,1065,...
4,-10,1065,...
4,-10,1065,...
4,-10,1065,...
4,-10,1065,...
4,-10,1065,...
4,-10,1065,...
4,-10,1065,...
4,-10,1065,...
4,-11,1066,...
4,-11,1066,...
4,-11,1066,...
4,-11,1066,...
4,-11,1066,...
4,-11,1066,...
4,-11,1066,...
4,-11,1066,...
4,-11,1066,...
4,-11,1066,...
4,-11,1066,...
6,-11,1065,...
6,-11,1065,...
6,-11,1065,...
6,-11,1065,...
6,-11,1065,...
6,-11,1065,...
6,-11,1065,...
6,-11,1065,...
6,-11,1065,...
6,-11,1065,...
6,-10,1065,...
6,-10,1065,...
6,-10,1065,...
6,-10,1065,...
6,-10,1065,...
6,-10,1065,...
6,-10,1065,...
6,-10,1065,...
6,-10,1065,...
6,-10,1065,...
6,-10,1065,...
7,-10,1066,...
7,-10,1066,...
7,-10,1066,...
7,-10,1066,...
7,-10,1066,...
7,-10,1066,...
7,-10,1066,...
7,-10,1066,...
7,-10,1066,...
7,-10,1066,...
7,-11,1066,...
7,-11,1066,...
7,-11,1066,...
7,-11,1066,...
7,-11,1066,...
7,-11,1066,...
7,-11,1066,...
7,-11,1066,...
7,-11,1066,...
7,-11,1066,...
7,-11,1066,...
7,-10,1065,...
7,-10,1065,...
7,-10,1065,...
7,-10,1065,...
7,-10,1065,...
7,-10,1065,...
7,-10,1065,...
7,-10,1065,...
7,-10,1065,...
7,-10,1065,...
5,-10,1065,...
5,-10,1065,...
5,-10,1065,...
5,-10,1065,...
5,-10,1065,...
5,-10,1065,...
5,-10,1065,...
5,-10,1065,...
5,-10,1065,...
5,-10,1065,...
5,-10,1065,...
5,-11,1064,...
5,-11,1064,...
5,-11,1064,...
5,-11,1064,...
5,-11,1064,...
5,-11,1064,...
5,-11,1064,...
5,-11,1064,...
5,-11,1064,...
5,-11,1064,...
5,-11,1065,...
4,-11,1065,...
4,-11,1065,...
4,-11,1065,...
4,-11,1065,...
4,-11,1065,...
4,-11,1065,...
4,-11,1065,...
4,-11,1065,...
4,-11,1065,...
4,-11,1065,...
5,-11,1065,...
5,-11,1065,...
5,-11,1065,...
5,-11,1065,...
5,-11,1065,...
5,-11,1065,...
5,-11,1065,...
5,-11,1065,...
5,-11,1065,...
5,-11,1065,...
5,-11,1065,...
6,-10,1065,...
6,-10,1065,...
6,-10,1065,...
6,-10,1065,...
6,-10,1065,...
6,-10,1065,...
6,-10,1065,...
6,-10,1065,...
6,-10,1065,...
6,-10,1065,...
7,-11,1066,...
7,-11,1066,...
7,-11,1066,...
7,-11,1066,...
7,-11,1066,...
7,-11,1066,...
7,-11,1066,...
7,-11,1066,...
7,-11,1066,...
7,-11,1066,...
7,-11,1066,...
7,-11,1067,...
7,-11,1067,...
7,-11,1067,...
7,-11,1067,...
7,-11,1067,...
7,-11,1067,...
7,-11,1067,...
7,-11,1067,...
7,-11,1067,...
7,-11,1067,...
6,-11,1066,...
6,-11,1066,...
6,-11,1066,...
6,-11,1066,...
6,-11,1066,...
6,-11,1066,...
6,-11,1066,...
6,-11,1066,...
6,-11,1066,...
6,-11,1066,...
6,-11,1066,...
5,-12,1065,...
5,-12,1065,...
5,-12,1065,...
5,-12,1065,...
5,-12,1065,...
5,-12,1065,...
5,-12,1065,...
5,-12,1065,...
5,-12,1065,...
5,-12,1065,...
4,-11,1066,...
4,-11,1066,...
4,-11,1066,...
4,-11,1066,...
4,-11,1066,...
4,-11,1066,...
4,-11,1066,...
4,-11,1066,...
4,-11,1066,...
4,-11,1066,...
4,-11,1066,...
4,-11,1066,...
4,-11,1066,...
4,-11,1066,...
4,-11,1066,...
4,-11,1066,...
4,-11,1066,...
4,-11,1066,...
4,-11,1066,...
4,-11,1066,...
4,-11,1066,...
4,-11,1065,...
5,-10,1065,...
5,-10,1065,...
5,-10,1065,...
5,-10,1065,...
5,-10,1065,...
5,-10,1065,...
5,-10,1065,...
5,-10,1065,...
5,-10,1065,...
5,-10,1065,...
6,-10,1065,...
6,-10,1065,...
6,-10,1065,...
6,-10,1065,...
6,-10,1065,...
6,-10,1065,...
6,-10,1065,...
6,-10,1065,...
6,-10,1065,...
6,-10,1065,...
6,-10,1065,...
6,-11,1066,...
6,-11,1066,...
6,-11,1066,...
6,-11,1066,...
6,-11,1066,...
6,-11,1066,...
6,-11,1066,...
6,-11,1066,...
6,-11,1066,...
6,-11,1066,...
5,-11,1066,...
5,-11,1066,...
5,-11,1066,...
5,-11,1066,...
5,-11,1066,...
5,-11,1066,...
5,-11,1066,...
5,-11,1066,...
5,-11,1066,...
5,-11,1066,...
5,-11,1066,...
5,-11,1065,...
5,-11,1065,...
5,-11,1065,...
5,-11,1065,...
5,-11,1065,...
5,-11,1065,...
5,-11,1065,...
5,-11,1065,...
5,-11,1065,...
5,-11,1065,...
5,-10,1066,...
5,-10,1066,...
5,-10,1066,...
5,-10,1066,...
5,-10,1066,...
5,-10,1066,...
5,-10,1066,...
5,-10,1066,...
5,-10,1066,...
5,-10,1066,...
5,-10,1066,...
5,-11,1065,...
5,-11,1065,...
5,-11,1065,...
5,-11,1065,...
5,-11,1065,...
5,-11,1065,...
5,-11,1065,...
5,-11,1065,...
5,-11,1065,...
5,-11,1065,...
6,-11,1065,...
6,-11,1065,...
6,-11,1065,...
6,-11,1065,...
6,-11,1065,...
6,-11,1065,...
6,-11,1065,...
6,-11,1065,...
6,-11,1065,...
6,-11,1065,...
6,-11,1065,...
6,-11,1066,...
6,-11,1066,...
6,-11,1066,...
6,-11,1066,...
6,-11,1066,...
6,-11,1066,...
6,-11,1066,...
6,-11,1066,...
6,-11,1066,...
6,-11,1066,...
6,-11,1066,...
6,-11,1066,...
6,-11,1066,...
6,-11,1066,...
6,-11,1066,...
6,-11,1066,...
6,-11,1066,...
6,-11,1066,...
6,-11,1066,...
6,-11,1066,...
6,-11,1066,...
6,-10,1065,...
6,-10,1065,...
6,-10,1065,...
6,-10,1065,...
6,-10,1065,...
6,-10,1065,...
6,-10,1065,...
6,-10,1065,...
6,-10,1065,...
6,-10,1065,...
6,-10,1065,...
4,-10,1066,...
4,-10,1066,...
4,-10,1066,...
4,-10,1066,...
4,-10,1066,...
4,-10,1066,...
4,-10,1066,...
4,-10,1066,...
4,-10,1066,...
4,-10,1066,...
4,-11,1066,...
4,-11,1066,...
4,-11,1066,...
4,-11,1066,...
4,-11,1066,...
4,-11,1066,...
4,-11,1066,...
4,-11,1066,...
4,-11,1066,...
4,-11,1066,...
4,-11,1066,...
4,-12,1065,...
4,-12,1065,...
4,-12,1065,...
4,-12,1065,...
4,-12,1065,...
4,-12,1065,...
4,-12,1065,...
4,-12,1065,...
4,-12,1065,...
4,-12,1065,...
6,-12,1065,...
6,-12,1065,...
6,-12,1065,...
6,-12,1065,...
6,-12,1065,...
6,-12,1065,...
6,-12,1065,...
6,-12,1065,...
6,-12,1065,...
6,-12,1065,...
6,-12,1065,...
7,-11,1065,...
7,-11,1065,...
7,-11,1065,...
7,-11,1065,...
7,-11,1065,...
7,-11,1065,...
7,-11,1065,...
7,-11,1065,...
7,-11,1065,...
7,-11,1065,...
7,-10,1065,...
7,-10,1065,...
7,-10,1065,...
7,-10,1065,...
7,-10,1065,...
7,-10,1065,...
7,-10,1065,...
7,-10,1065,...
7,-10,1065,...
7,-10,1065,...
7,-10,1065,...
5,-10,1065,...
5,-10,1065,...
5,-10,1065,...
5,-10,1065,...
5,-10,1065,...
5,-10,1065,...
5,-10,1065,...
5,-10,1065,...
5,-10,1065,...
5,-10,1065,...
5,-10,1068,...
4,-10,1068,...
4,-10,1068,...
4,-10,1068,...
4,-10,1068,...
4,-10,1068,...
4,-10,1068,...
4,-10,1068,...
4,-10,1068,...
4,-10,1068,...
4,-10,1068,...
5,-10,1066,...
5,-10,1066,...
5,-10,1066,...
5,-10,1066,...
5,-10,1066,...
5,-10,1066,...
5,-10,1066,...
5,-10,1066,...
5,-10,1066,...
5,-10,1066,...
5,-10,1066,...
6,-10,1065,...
6,-10,1065,...
6,-10,1065,...
6,-10,1065,...
6,-10,1065,...
6,-10,1065,...
6,-10,1065,...
6,-10,1065,...
6,-10,1065,...
6,-10,1065,...
6,-10,1065,...
6,-10,1065,...
6,-10,1065,...
6,-10,1065,...
6,-10,1065,...
6,-10,1065,...
6,-10,1065,...
6,-10,1065,...
6,-10,1065,...
6,-10,1065,...
6,-10,1065,...
6,-11,1065,...
6,-11,1065,...
6,-11,1065,...
6,-11,1065,...
6,-11,1065,...
6,-11,1065,...
6,-11,1065,...
6,-11,1065,...
6,-11,1065,...
6,-11,1065,...
6,-10,1066,...
6,-10,1066,...
6,-10,1066,...
6,-10,1066,...
6,-10,1066,...
6,-10,1066,...
6,-10,1066,...
6,-10,1066,...
6,-10,1066,...
6,-10,1066,...
6,-10,1066,...
5,-10,1065,...
5,-10,1065,...
5,-10,1065,...
5,-10,1065,...
5,-10,1065,...
5,-10,1065,...
5,-10,1065,...
5,-10,1065,...
5,-10,1065,...
5,-10,1065,...
4,-11,1064,...
4,-11,1064,...
4,-11,1064,...
4,-11,1064,...
4,-11,1064,...
4,-11,1064,...
4,-11,1064,...
4,-11,1064,...
4,-11,1064,...
4,-11,1064,...
4,-11,1064,...
5,-11,1066,...
5,-11,1066,...
5,-11,1066,...
5,-11,1066,...
5,-11,1066,...
5,-11,1066,...
5,-11,1066,...
5,-11,1066,...
5,-11,1066,...
5,-11,1066,...
5,-11,1065,...
6,-10,1065,...
6,-10,1065,...
6,-10,1065,...
6,-10,1065,...
6,-10,1065,...
6,-10,1065,...
6,-10,1065,...
6,-10,1065,...
6,-10,1065,...
6,-10,1065,...
7,-10,1065,...
7,-10,1065,...
7,-10,1065,...
7,-10,1065,...
7,-10,1065,...
7,-10,1065,...
7,-10,1065,...
7,-10,1065,...
7,-10,1065,...
7,-10,1065,...
7,-10,1065,...
6,-11,1064,...
6,-11,1064,...
6,-11,1064,...
6,-11,1064,...
6,-11,1064,...
6,-11,1064,...
6,-11,1064,...
6,-11,1064,...
6,-11,1064,...
6,-11,1064,...
5,-10,1065,...
5,-10,1065,...
5,-10,1065,...
5,-10,1065,...
5,-10,1065,...
5,-10,1065,...
5,-10,1065,...
5,-10,1065,...
5,-10,1065,...
5,-10,1065,...
5,-10,1065,...
5,-10,1064,...
5,-10,1064,...
5,-10,1064,...
5,-10,1064,...
5,-10,1064,...
5,-10,1064,...
5,-10,1064,...
5,-10,1064,...
5,-10,1064,...
5,-10,1064,...
5,-10,1065,...
5,-10,1065,...
5,-10,1065,...
5,-10,1065,...
5,-10,1065,...
5,-10,1065,...
5,-10,1065,...
5,-10,1065,...
5,-10,1065,...
5,-10,1065,...
5,-10,1065,...
5,-11,1066,...
5,-11,1066,...
5,-11,1066,...
5,-11,1066,...
5,-11,1066,...
5,-11,1066,...
5,-11,1066,...
5,-11,1066,...
5,-11,1066,...
5,-11,1066,...
6,-11,1065,...
6,-11,1065,...
6,-11,1065,...
6,-11,1065,...
6,-11,1065,...
6,-11,1065,...
6,-11,1065,...
6,-11,1065,...
6,-11,1065,...
6,-11,1065,...
6,-11,1065,...
6,-11,1064,...
6,-11,1064,...
6,-11,1064,...
6,-11,1064,...
6,-11,1064,...
6,-11,1064,...
6,-11,1064,...
6,-11,1064,...
6,-11,1064,...
6,-11,1064,...
6,-11,1064,...
5,-11,1066,...
5,-11,1066,...
5,-11,1066,...
5,-11,1066,...
5,-11,1066,...
5,-11,1066,...
5,-11,1066,...
5,-11,1066,...
5,-11,1066,...
5,-11,1066,...
4,-9,1065,...
4,-9,1065,...
4,-9,1065,...
4,-9,1065,...
4,-9,1065,...
4,-9,1065,...
4,-9,1065,...
4,-9,1065,...
4,-9,1065,...
4,-9,1065,...
4,-9,1065,...
5,-10,1065,...
5,-10,1065,...
5,-10,1065,...
5,-10,1065,...
5,-10,1065,...
5,-10,1065,...
5,-10,1065,...
5,-10,1065,...
5,-10,1065,...
5,-10,1065,...
5,-10,1065,...
5,-11,1065,...
5,-11,1065,...
5,-11,1065,...
5,-11,1065,...
5,-11,1065,...
5,-11,1065,...
5,-11,1065,...
5,-11,1065,...
5,-11,1065,...
5,-11,1065,...
7,-11,1065,...
7,-11,1065,...
7,-11,1065,...
7,-11,1065,...
7,-11,1065,...
7,-11,1065,...
7,-11,1065,...
7,-11,1065,...
7,-11,1065,...
7,-11,1065,...
7,-11,1065,...
6,-11,1065,...
6,-11,1065,...
6,-11,1065,...
6,-11,1065,...
6,-11,1065,...
6,-11,1065,...
6,-11,1065,...
6,-11,1065,...
6,-11,1065,...
6,-11,1065,...
5,-11,1065,...
5,-11,1065,...
5,-11,1065,...
5,-11,1065,...
5,-11,1065,...
5,-11,1065,...
5,-11,1065,...
5,-11,1065,...
5,-11,1065,...
5,-11,1065,...
5,-11,1065,...
5,-10,1065,...
5,-10,1065,...
5,-10,1065,...
5,-10,1065,...
5,-10,1065,...
5,-10,1065,...
5,-10,1065,...
5,-10,1065,...
5,-10,1065,...
5,-10,1065,...
5,-10,1065,...
5,-10,1065,...
5,-10,1065,...
5,-10,1065,...
5,-10,1065,...
5,-10,1065,...
5,-10,1065,...
5,-10,1065,...
5,-10,1065,...
5,-10,1065,...
5,-10,1065,...
7,-11,1065,...
7,-11,1065,...
7,-11,1065,...
7,-11,1065,...
7,-11,1065,...
7,-11,1065,...
7,-11,1065,...
7,-11,1065,...
7,-11,1065,...
7,-11,1065,...
7,-11,1065,...
7,-10,1065,...
7,-10,1065,...
7,-10,1065,...
7,-10,1065,...
7,-10,1065,...
7,-10,1065,...
7,-10,1065,...
7,-10,1065,...
7,-10,1065,...
7,-10,1065,...
6,-10,1064,...
6,-10,1064,...
6,-10,1064,...
6,-10,1064,...
6,-10,1064,...
6,-10,1064,...
6,-10,1064,...
6,-10,1064,...
6,-10,1064,...
6,-10,1064,...
6,-10,1064,...
5,-10,1066,...
5,-10,1066,...
5,-10,1066,...
5,-10,1066,...
5,-10,1066,...
5,-10,1066,...
5,-10,1066,...
5,-10,1066,...
5,-10,1066,...
5,-10,1066,...
5,-10,1066,...
5,-10,1066,...
5,-10,1066,...
5,-10,1066,...
5,-10,1066,...
5,-10,1066,...
5,-10,1066,...
5,-10,1066,...
5,-10,1066,...
5,-10,1066,...
5,-10,1066,...
5,-11,1064,...
5,-11,1064,...
5,-11,1064,...
5,-11,1064,...
5,-11,1064,...
5,-11,1064,...
5,-11,1064,...
5,-11,1064,...
5,-11,1064,...
5,-11,1064,...
6,-11,1066,...
6,-11,1066,...
6,-11,1066,...
6,-11,1066,...
6,-11,1066,...
6,-11,1066,...
6,-11,1066,...
6,-11,1066,...
6,-11,1066,...
6,-11,1066,...
6,-11,1066,...
7,-11,1066,...
7,-11,1066,...
7,-11,1066,...
7,-11,1066,...
7,-11,1066,...
7,-11,1066,...
7,-11,1066,...
7,-11,1066,...
7,-11,1066,...
7,-11,1066,...
7,-11,1066,...
7,-10,1065,...
7,-10,1065,...
7,-10,1065,...
7,-10,1065,...
7,-10,1065,...
7,-10,1065,...
7,-10,1065,...
7,-10,1065,...
7,-10,1065,...
7,-10,1065,...
5,-10,1066,...
5,-10,1066,...
5,-10,1066,...
5,-10,1066,...
5,-10,1066,...
5,-10,1066,...
5,-10,1066,...
5,-10,1066,...
5,-10,1066,...
5,-10,1066,...
5,-10,1066,...
5,-10,1065,...
5,-10,1065,...
5,-10,1065,...
5,-10,1065,...
5,-10,1065,...
5,-10,1065,...
5,-10,1065,...
5,-10,1065,...
5,-10,1065,...
5,-10,1065,...
4,-11,1064,...
4,-11,1064,...
4,-11,1064,...
4,-11,1064,...
4,-11,1064,...
4,-11,1064,...
4,-11,1064,...
4,-11,1064,...
4,-11,1064,...
4,-11,1064,...
4,-11,1064,...
5,-12,1065,...
5,-12,1065,...
5,-12,1065,...
5,-12,1065,...
5,-12,1065,...
5,-12,1065,...
5,-12,1065,...
5,-12,1065,...
5,-12,1065,...
5,-12,1065,...
6,-12,1066,...
6,-12,1066,...
6,-12,1066,...
6,-12,1066,...
6,-12,1066,...
6,-12,1066,...
6,-12,1066,...
6,-12,1066,...
6,-12,1066,...
6,-12,1066,...
6,-12,1066,...
6,-10,1066,...
6,-10,1066,...
6,-10,1066,...
6,-10,1066,...
6,-10,1066,...
6,-10,1066,...
6,-10,1066,...
6,-10,1066,...
6,-10,1066,...
6,-10,1066,...
6,-9,1066,...
6,-9,1066,...
6,-9,1066,...
6,-9,1066,...
6,-9,1066,...
6,-9,1066,...
6,-9,1066,...
6,-9,1066,...
6,-9,1066,...
6,-9,1066,...
6,-9,1066,...
6,-9,1066,...
7,-10,1066,...
7,-10,1066,...
7,-10,1066,...
7,-10,1066,...
7,-10,1066,...
7,-10,1066,...
7,-10,1066,...
7,-10,1066,...
7,-10,1066,...
7,-10,1066,...
5,-11,1066,...
5,-11,1066,...
5,-11,1066,...
5,-11,1066,...
5,-11,1066,...
5,-11,1066,...
5,-11,1066,...
5,-11,1066,...
5,-11,1066,...
5,-11,1066,...
5,-11,1066,...
5,-11,1066,...
5,-11,1066,...
5,-11,1066,...
5,-11,1066,...
5,-11,1066,...
5,-11,1066,...
5,-11,1066,...
5,-11,1066,...
